/*--------------------------------*- C++ -*----------------------------------*\
| =========                 |                                                 |
| \      /  F ield         | foam-extend: Open Source CFD                    |
|  \    /   O peration     | Version:     4.0                                |
|   \  /    A nd           | Web:         http://www.foam-extend.org         |
|    \/     M anipulation  |                                                 |
\*---------------------------------------------------------------------------*/
FoamFile
{
    version     2.0;
    format      ascii;
    class       dictionary;
    object      blockMeshDict;
}
// * * * * * * * * * * * * * * * * * * * * * * * * * * * * * * * * * * * * * //

convertToMeters 1e-6;
vertices
(
	(50 108 0)      //0
	(56 108 0)      //1
	(50 111 0)      //2
	(56 111 0)      //3
	(51.5858 112.5858 0)      //4
	(54.4142 112.5858 0)      //5
	(52.2929 113.2929 0)      //6
	(53.7071 113.2929 0)      //7
	(52.505 113.505 0)      //8
	(53.495 113.505 0)      //9
	(52.505 114.495 0)      //10
	(53.495 114.495 0)      //11
	(52.2929 114.7071 0)      //12
	(53.7071 114.7071 0)      //13
	(51.5858 115.4142 0)      //14
	(54.4142 115.4142 0)      //15
	(50 117 0)      //16
	(56 117 0)      //17
	(50 120 0)      //18
	(56 120 0)      //19
	(50 123 0)      //20
	(56 123 0)      //21
	(51.5858 124.5858 0)      //22
	(54.4142 124.5858 0)      //23
	(52.2929 125.2929 0)      //24
	(53.7071 125.2929 0)      //25
	(52.505 125.505 0)      //26
	(53.495 125.505 0)      //27
	(52.505 126.495 0)      //28
	(53.495 126.495 0)      //29
	(52.2929 126.7071 0)      //30
	(53.7071 126.7071 0)      //31
	(51.5858 127.4142 0)      //32
	(54.4142 127.4142 0)      //33
	(50 129 0)      //34
	(56 129 0)      //35
	(50 132 0)      //36
	(56 132 0)      //37
	(50 135 0)      //38
	(56 135 0)      //39
	(51.5858 136.5858 0)      //40
	(54.4142 136.5858 0)      //41
	(52.2929 137.2929 0)      //42
	(53.7071 137.2929 0)      //43
	(52.505 137.505 0)      //44
	(53.495 137.505 0)      //45
	(52.505 138.495 0)      //46
	(53.495 138.495 0)      //47
	(52.2929 138.7071 0)      //48
	(53.7071 138.7071 0)      //49
	(51.5858 139.4142 0)      //50
	(54.4142 139.4142 0)      //51
	(50 141 0)      //52
	(56 141 0)      //53
	(50 144 0)      //54
	(56 144 0)      //55
	(50 147 0)      //56
	(56 147 0)      //57
	(51.5858 148.5858 0)      //58
	(54.4142 148.5858 0)      //59
	(52.2929 149.2929 0)      //60
	(53.7071 149.2929 0)      //61
	(52.505 149.505 0)      //62
	(53.495 149.505 0)      //63
	(52.505 150.495 0)      //64
	(53.495 150.495 0)      //65
	(52.2929 150.7071 0)      //66
	(53.7071 150.7071 0)      //67
	(51.5858 151.4142 0)      //68
	(54.4142 151.4142 0)      //69
	(50 153 0)      //70
	(56 153 0)      //71
	(50 156 0)      //72
	(56 156 0)      //73
	(50 159 0)      //74
	(56 159 0)      //75
	(51.5858 160.5858 0)      //76
	(54.4142 160.5858 0)      //77
	(52.2929 161.2929 0)      //78
	(53.7071 161.2929 0)      //79
	(52.505 161.505 0)      //80
	(53.495 161.505 0)      //81
	(52.505 162.495 0)      //82
	(53.495 162.495 0)      //83
	(52.2929 162.7071 0)      //84
	(53.7071 162.7071 0)      //85
	(51.5858 163.4142 0)      //86
	(54.4142 163.4142 0)      //87
	(50 165 0)      //88
	(56 165 0)      //89
	(50 168 0)      //90
	(56 168 0)      //91
	(50 171 0)      //92
	(56 171 0)      //93
	(51.5858 172.5858 0)      //94
	(54.4142 172.5858 0)      //95
	(52.2929 173.2929 0)      //96
	(53.7071 173.2929 0)      //97
	(52.505 173.505 0)      //98
	(53.495 173.505 0)      //99
	(52.505 174.495 0)      //100
	(53.495 174.495 0)      //101
	(52.2929 174.7071 0)      //102
	(53.7071 174.7071 0)      //103
	(51.5858 175.4142 0)      //104
	(54.4142 175.4142 0)      //105
	(50 177 0)      //106
	(56 177 0)      //107
	(50 180 0)      //108
	(56 180 0)      //109
	(50 183 0)      //110
	(56 183 0)      //111
	(51.5858 184.5858 0)      //112
	(54.4142 184.5858 0)      //113
	(52.2929 185.2929 0)      //114
	(53.7071 185.2929 0)      //115
	(52.505 185.505 0)      //116
	(53.495 185.505 0)      //117
	(52.505 186.495 0)      //118
	(53.495 186.495 0)      //119
	(52.2929 186.7071 0)      //120
	(53.7071 186.7071 0)      //121
	(51.5858 187.4142 0)      //122
	(54.4142 187.4142 0)      //123
	(50 189 0)      //124
	(56 189 0)      //125
	(50 192 0)      //126
	(56 192 0)      //127
	(50 108 4)      //128
	(56 108 4)      //129
	(50 111 4)      //130
	(56 111 4)      //131
	(51.5858 112.5858 4)      //132
	(54.4142 112.5858 4)      //133
	(52.2929 113.2929 4)      //134
	(53.7071 113.2929 4)      //135
	(52.505 113.505 4)      //136
	(53.495 113.505 4)      //137
	(52.505 114.495 4)      //138
	(53.495 114.495 4)      //139
	(52.2929 114.7071 4)      //140
	(53.7071 114.7071 4)      //141
	(51.5858 115.4142 4)      //142
	(54.4142 115.4142 4)      //143
	(50 117 4)      //144
	(56 117 4)      //145
	(50 120 4)      //146
	(56 120 4)      //147
	(50 123 4)      //148
	(56 123 4)      //149
	(51.5858 124.5858 4)      //150
	(54.4142 124.5858 4)      //151
	(52.2929 125.2929 4)      //152
	(53.7071 125.2929 4)      //153
	(52.505 125.505 4)      //154
	(53.495 125.505 4)      //155
	(52.505 126.495 4)      //156
	(53.495 126.495 4)      //157
	(52.2929 126.7071 4)      //158
	(53.7071 126.7071 4)      //159
	(51.5858 127.4142 4)      //160
	(54.4142 127.4142 4)      //161
	(50 129 4)      //162
	(56 129 4)      //163
	(50 132 4)      //164
	(56 132 4)      //165
	(50 135 4)      //166
	(56 135 4)      //167
	(51.5858 136.5858 4)      //168
	(54.4142 136.5858 4)      //169
	(52.2929 137.2929 4)      //170
	(53.7071 137.2929 4)      //171
	(52.505 137.505 4)      //172
	(53.495 137.505 4)      //173
	(52.505 138.495 4)      //174
	(53.495 138.495 4)      //175
	(52.2929 138.7071 4)      //176
	(53.7071 138.7071 4)      //177
	(51.5858 139.4142 4)      //178
	(54.4142 139.4142 4)      //179
	(50 141 4)      //180
	(56 141 4)      //181
	(50 144 4)      //182
	(56 144 4)      //183
	(50 147 4)      //184
	(56 147 4)      //185
	(51.5858 148.5858 4)      //186
	(54.4142 148.5858 4)      //187
	(52.2929 149.2929 4)      //188
	(53.7071 149.2929 4)      //189
	(52.505 149.505 4)      //190
	(53.495 149.505 4)      //191
	(52.505 150.495 4)      //192
	(53.495 150.495 4)      //193
	(52.2929 150.7071 4)      //194
	(53.7071 150.7071 4)      //195
	(51.5858 151.4142 4)      //196
	(54.4142 151.4142 4)      //197
	(50 153 4)      //198
	(56 153 4)      //199
	(50 156 4)      //200
	(56 156 4)      //201
	(50 159 4)      //202
	(56 159 4)      //203
	(51.5858 160.5858 4)      //204
	(54.4142 160.5858 4)      //205
	(52.2929 161.2929 4)      //206
	(53.7071 161.2929 4)      //207
	(52.505 161.505 4)      //208
	(53.495 161.505 4)      //209
	(52.505 162.495 4)      //210
	(53.495 162.495 4)      //211
	(52.2929 162.7071 4)      //212
	(53.7071 162.7071 4)      //213
	(51.5858 163.4142 4)      //214
	(54.4142 163.4142 4)      //215
	(50 165 4)      //216
	(56 165 4)      //217
	(50 168 4)      //218
	(56 168 4)      //219
	(50 171 4)      //220
	(56 171 4)      //221
	(51.5858 172.5858 4)      //222
	(54.4142 172.5858 4)      //223
	(52.2929 173.2929 4)      //224
	(53.7071 173.2929 4)      //225
	(52.505 173.505 4)      //226
	(53.495 173.505 4)      //227
	(52.505 174.495 4)      //228
	(53.495 174.495 4)      //229
	(52.2929 174.7071 4)      //230
	(53.7071 174.7071 4)      //231
	(51.5858 175.4142 4)      //232
	(54.4142 175.4142 4)      //233
	(50 177 4)      //234
	(56 177 4)      //235
	(50 180 4)      //236
	(56 180 4)      //237
	(50 183 4)      //238
	(56 183 4)      //239
	(51.5858 184.5858 4)      //240
	(54.4142 184.5858 4)      //241
	(52.2929 185.2929 4)      //242
	(53.7071 185.2929 4)      //243
	(52.505 185.505 4)      //244
	(53.495 185.505 4)      //245
	(52.505 186.495 4)      //246
	(53.495 186.495 4)      //247
	(52.2929 186.7071 4)      //248
	(53.7071 186.7071 4)      //249
	(51.5858 187.4142 4)      //250
	(54.4142 187.4142 4)      //251
	(50 189 4)      //252
	(56 189 4)      //253
	(50 192 4)      //254
	(56 192 4)      //255
	(50 108 189)      //256
	(56 108 189)      //257
	(50 111 189)      //258
	(56 111 189)      //259
	(51.5858 112.5858 189)      //260
	(54.4142 112.5858 189)      //261
	(52.2929 113.2929 189)      //262
	(53.7071 113.2929 189)      //263
	(52.505 113.505 189)      //264
	(53.495 113.505 189)      //265
	(52.505 114.495 189)      //266
	(53.495 114.495 189)      //267
	(52.2929 114.7071 189)      //268
	(53.7071 114.7071 189)      //269
	(51.5858 115.4142 189)      //270
	(54.4142 115.4142 189)      //271
	(50 117 189)      //272
	(56 117 189)      //273
	(50 120 189)      //274
	(56 120 189)      //275
	(50 123 189)      //276
	(56 123 189)      //277
	(51.5858 124.5858 189)      //278
	(54.4142 124.5858 189)      //279
	(52.2929 125.2929 189)      //280
	(53.7071 125.2929 189)      //281
	(52.505 125.505 189)      //282
	(53.495 125.505 189)      //283
	(52.505 126.495 189)      //284
	(53.495 126.495 189)      //285
	(52.2929 126.7071 189)      //286
	(53.7071 126.7071 189)      //287
	(51.5858 127.4142 189)      //288
	(54.4142 127.4142 189)      //289
	(50 129 189)      //290
	(56 129 189)      //291
	(50 132 189)      //292
	(56 132 189)      //293
	(50 135 189)      //294
	(56 135 189)      //295
	(51.5858 136.5858 189)      //296
	(54.4142 136.5858 189)      //297
	(52.2929 137.2929 189)      //298
	(53.7071 137.2929 189)      //299
	(52.505 137.505 189)      //300
	(53.495 137.505 189)      //301
	(52.505 138.495 189)      //302
	(53.495 138.495 189)      //303
	(52.2929 138.7071 189)      //304
	(53.7071 138.7071 189)      //305
	(51.5858 139.4142 189)      //306
	(54.4142 139.4142 189)      //307
	(50 141 189)      //308
	(56 141 189)      //309
	(50 144 189)      //310
	(56 144 189)      //311
	(50 147 189)      //312
	(56 147 189)      //313
	(51.5858 148.5858 189)      //314
	(54.4142 148.5858 189)      //315
	(52.2929 149.2929 189)      //316
	(53.7071 149.2929 189)      //317
	(52.505 149.505 189)      //318
	(53.495 149.505 189)      //319
	(52.505 150.495 189)      //320
	(53.495 150.495 189)      //321
	(52.2929 150.7071 189)      //322
	(53.7071 150.7071 189)      //323
	(51.5858 151.4142 189)      //324
	(54.4142 151.4142 189)      //325
	(50 153 189)      //326
	(56 153 189)      //327
	(50 156 189)      //328
	(56 156 189)      //329
	(50 159 189)      //330
	(56 159 189)      //331
	(51.5858 160.5858 189)      //332
	(54.4142 160.5858 189)      //333
	(52.2929 161.2929 189)      //334
	(53.7071 161.2929 189)      //335
	(52.505 161.505 189)      //336
	(53.495 161.505 189)      //337
	(52.505 162.495 189)      //338
	(53.495 162.495 189)      //339
	(52.2929 162.7071 189)      //340
	(53.7071 162.7071 189)      //341
	(51.5858 163.4142 189)      //342
	(54.4142 163.4142 189)      //343
	(50 165 189)      //344
	(56 165 189)      //345
	(50 168 189)      //346
	(56 168 189)      //347
	(50 171 189)      //348
	(56 171 189)      //349
	(51.5858 172.5858 189)      //350
	(54.4142 172.5858 189)      //351
	(52.2929 173.2929 189)      //352
	(53.7071 173.2929 189)      //353
	(52.505 173.505 189)      //354
	(53.495 173.505 189)      //355
	(52.505 174.495 189)      //356
	(53.495 174.495 189)      //357
	(52.2929 174.7071 189)      //358
	(53.7071 174.7071 189)      //359
	(51.5858 175.4142 189)      //360
	(54.4142 175.4142 189)      //361
	(50 177 189)      //362
	(56 177 189)      //363
	(50 180 189)      //364
	(56 180 189)      //365
	(50 183 189)      //366
	(56 183 189)      //367
	(51.5858 184.5858 189)      //368
	(54.4142 184.5858 189)      //369
	(52.2929 185.2929 189)      //370
	(53.7071 185.2929 189)      //371
	(52.505 185.505 189)      //372
	(53.495 185.505 189)      //373
	(52.505 186.495 189)      //374
	(53.495 186.495 189)      //375
	(52.2929 186.7071 189)      //376
	(53.7071 186.7071 189)      //377
	(51.5858 187.4142 189)      //378
	(54.4142 187.4142 189)      //379
	(50 189 189)      //380
	(56 189 189)      //381
	(50 192 189)      //382
	(56 192 189)      //383

);

blocks
(
	hex (8 9 11 10 136 137 139 138) (4 4 3) simpleGrading (1 1 1)
	hex (6 8 10 12 134 136 138 140) (2 4 3) simpleGrading (1 1 1)
	hex (7 9 8 6 135 137 136 134) (2 4 3) simpleGrading (1 1 1)
	hex (13 11 9 7 141 139 137 135) (2 4 3) simpleGrading (1 1 1)
	hex (12 10 11 13 140 138 139 141) (2 4 3) simpleGrading (1 1 1)
	hex (0 1 3 2 128 129 131 130) (4 3 3) simpleGrading (1 1 1)
	hex (16 17 19 18 144 145 147 146) (4 3 3) simpleGrading (1 1 1)
	hex (2 4 14 16 130 132 142 144) (2 4 3) simpleGrading (0.5 1 1)
	hex (3 5 4 2 131 133 132 130) (2 4 3) simpleGrading (0.5 1 1)
	hex (17 15 5 3 145 143 133 131) (2 4 3) simpleGrading (0.5 1 1)
	hex (16 14 15 17 144 142 143 145) (2 4 3) simpleGrading (0.5 1 1)
	hex (4 6 12 14 132 134 140 142) (2 4 3) simpleGrading (1 1 1)
	hex (5 7 6 4 133 135 134 132) (2 4 3) simpleGrading (1 1 1)
	hex (15 13 7 5 143 141 135 133) (2 4 3) simpleGrading (1 1 1)
	hex (14 12 13 15 142 140 141 143) (2 4 3) simpleGrading (1 1 1)
	hex (136 137 139 138 264 265 267 266) (4 4 150) simpleGrading (1 1 1)
	hex (134 136 138 140 262 264 266 268) (2 4 150) simpleGrading (1 1 1)
	hex (135 137 136 134 263 265 264 262) (2 4 150) simpleGrading (1 1 1)
	hex (141 139 137 135 269 267 265 263) (2 4 150) simpleGrading (1 1 1)
	hex (140 138 139 141 268 266 267 269) (2 4 150) simpleGrading (1 1 1)
	hex (26 27 29 28 154 155 157 156) (4 4 3) simpleGrading (1 1 1)
	hex (24 26 28 30 152 154 156 158) (2 4 3) simpleGrading (1 1 1)
	hex (25 27 26 24 153 155 154 152) (2 4 3) simpleGrading (1 1 1)
	hex (31 29 27 25 159 157 155 153) (2 4 3) simpleGrading (1 1 1)
	hex (30 28 29 31 158 156 157 159) (2 4 3) simpleGrading (1 1 1)
	hex (18 19 21 20 146 147 149 148) (4 3 3) simpleGrading (1 1 1)
	hex (34 35 37 36 162 163 165 164) (4 3 3) simpleGrading (1 1 1)
	hex (20 22 32 34 148 150 160 162) (2 4 3) simpleGrading (0.5 1 1)
	hex (21 23 22 20 149 151 150 148) (2 4 3) simpleGrading (0.5 1 1)
	hex (35 33 23 21 163 161 151 149) (2 4 3) simpleGrading (0.5 1 1)
	hex (34 32 33 35 162 160 161 163) (2 4 3) simpleGrading (0.5 1 1)
	hex (22 24 30 32 150 152 158 160) (2 4 3) simpleGrading (1 1 1)
	hex (23 25 24 22 151 153 152 150) (2 4 3) simpleGrading (1 1 1)
	hex (33 31 25 23 161 159 153 151) (2 4 3) simpleGrading (1 1 1)
	hex (32 30 31 33 160 158 159 161) (2 4 3) simpleGrading (1 1 1)
	hex (154 155 157 156 282 283 285 284) (4 4 150) simpleGrading (1 1 1)
	hex (152 154 156 158 280 282 284 286) (2 4 150) simpleGrading (1 1 1)
	hex (153 155 154 152 281 283 282 280) (2 4 150) simpleGrading (1 1 1)
	hex (159 157 155 153 287 285 283 281) (2 4 150) simpleGrading (1 1 1)
	hex (158 156 157 159 286 284 285 287) (2 4 150) simpleGrading (1 1 1)
	hex (44 45 47 46 172 173 175 174) (4 4 3) simpleGrading (1 1 1)
	hex (42 44 46 48 170 172 174 176) (2 4 3) simpleGrading (1 1 1)
	hex (43 45 44 42 171 173 172 170) (2 4 3) simpleGrading (1 1 1)
	hex (49 47 45 43 177 175 173 171) (2 4 3) simpleGrading (1 1 1)
	hex (48 46 47 49 176 174 175 177) (2 4 3) simpleGrading (1 1 1)
	hex (36 37 39 38 164 165 167 166) (4 3 3) simpleGrading (1 1 1)
	hex (52 53 55 54 180 181 183 182) (4 3 3) simpleGrading (1 1 1)
	hex (38 40 50 52 166 168 178 180) (2 4 3) simpleGrading (0.5 1 1)
	hex (39 41 40 38 167 169 168 166) (2 4 3) simpleGrading (0.5 1 1)
	hex (53 51 41 39 181 179 169 167) (2 4 3) simpleGrading (0.5 1 1)
	hex (52 50 51 53 180 178 179 181) (2 4 3) simpleGrading (0.5 1 1)
	hex (40 42 48 50 168 170 176 178) (2 4 3) simpleGrading (1 1 1)
	hex (41 43 42 40 169 171 170 168) (2 4 3) simpleGrading (1 1 1)
	hex (51 49 43 41 179 177 171 169) (2 4 3) simpleGrading (1 1 1)
	hex (50 48 49 51 178 176 177 179) (2 4 3) simpleGrading (1 1 1)
	hex (172 173 175 174 300 301 303 302) (4 4 150) simpleGrading (1 1 1)
	hex (170 172 174 176 298 300 302 304) (2 4 150) simpleGrading (1 1 1)
	hex (171 173 172 170 299 301 300 298) (2 4 150) simpleGrading (1 1 1)
	hex (177 175 173 171 305 303 301 299) (2 4 150) simpleGrading (1 1 1)
	hex (176 174 175 177 304 302 303 305) (2 4 150) simpleGrading (1 1 1)
	hex (62 63 65 64 190 191 193 192) (4 4 3) simpleGrading (1 1 1)
	hex (60 62 64 66 188 190 192 194) (2 4 3) simpleGrading (1 1 1)
	hex (61 63 62 60 189 191 190 188) (2 4 3) simpleGrading (1 1 1)
	hex (67 65 63 61 195 193 191 189) (2 4 3) simpleGrading (1 1 1)
	hex (66 64 65 67 194 192 193 195) (2 4 3) simpleGrading (1 1 1)
	hex (54 55 57 56 182 183 185 184) (4 3 3) simpleGrading (1 1 1)
	hex (70 71 73 72 198 199 201 200) (4 3 3) simpleGrading (1 1 1)
	hex (56 58 68 70 184 186 196 198) (2 4 3) simpleGrading (0.5 1 1)
	hex (57 59 58 56 185 187 186 184) (2 4 3) simpleGrading (0.5 1 1)
	hex (71 69 59 57 199 197 187 185) (2 4 3) simpleGrading (0.5 1 1)
	hex (70 68 69 71 198 196 197 199) (2 4 3) simpleGrading (0.5 1 1)
	hex (58 60 66 68 186 188 194 196) (2 4 3) simpleGrading (1 1 1)
	hex (59 61 60 58 187 189 188 186) (2 4 3) simpleGrading (1 1 1)
	hex (69 67 61 59 197 195 189 187) (2 4 3) simpleGrading (1 1 1)
	hex (68 66 67 69 196 194 195 197) (2 4 3) simpleGrading (1 1 1)
	hex (190 191 193 192 318 319 321 320) (4 4 150) simpleGrading (1 1 1)
	hex (188 190 192 194 316 318 320 322) (2 4 150) simpleGrading (1 1 1)
	hex (189 191 190 188 317 319 318 316) (2 4 150) simpleGrading (1 1 1)
	hex (195 193 191 189 323 321 319 317) (2 4 150) simpleGrading (1 1 1)
	hex (194 192 193 195 322 320 321 323) (2 4 150) simpleGrading (1 1 1)
	hex (80 81 83 82 208 209 211 210) (4 4 3) simpleGrading (1 1 1)
	hex (78 80 82 84 206 208 210 212) (2 4 3) simpleGrading (1 1 1)
	hex (79 81 80 78 207 209 208 206) (2 4 3) simpleGrading (1 1 1)
	hex (85 83 81 79 213 211 209 207) (2 4 3) simpleGrading (1 1 1)
	hex (84 82 83 85 212 210 211 213) (2 4 3) simpleGrading (1 1 1)
	hex (72 73 75 74 200 201 203 202) (4 3 3) simpleGrading (1 1 1)
	hex (88 89 91 90 216 217 219 218) (4 3 3) simpleGrading (1 1 1)
	hex (74 76 86 88 202 204 214 216) (2 4 3) simpleGrading (0.5 1 1)
	hex (75 77 76 74 203 205 204 202) (2 4 3) simpleGrading (0.5 1 1)
	hex (89 87 77 75 217 215 205 203) (2 4 3) simpleGrading (0.5 1 1)
	hex (88 86 87 89 216 214 215 217) (2 4 3) simpleGrading (0.5 1 1)
	hex (76 78 84 86 204 206 212 214) (2 4 3) simpleGrading (1 1 1)
	hex (77 79 78 76 205 207 206 204) (2 4 3) simpleGrading (1 1 1)
	hex (87 85 79 77 215 213 207 205) (2 4 3) simpleGrading (1 1 1)
	hex (86 84 85 87 214 212 213 215) (2 4 3) simpleGrading (1 1 1)
	hex (208 209 211 210 336 337 339 338) (4 4 150) simpleGrading (1 1 1)
	hex (206 208 210 212 334 336 338 340) (2 4 150) simpleGrading (1 1 1)
	hex (207 209 208 206 335 337 336 334) (2 4 150) simpleGrading (1 1 1)
	hex (213 211 209 207 341 339 337 335) (2 4 150) simpleGrading (1 1 1)
	hex (212 210 211 213 340 338 339 341) (2 4 150) simpleGrading (1 1 1)
	hex (98 99 101 100 226 227 229 228) (4 4 3) simpleGrading (1 1 1)
	hex (96 98 100 102 224 226 228 230) (2 4 3) simpleGrading (1 1 1)
	hex (97 99 98 96 225 227 226 224) (2 4 3) simpleGrading (1 1 1)
	hex (103 101 99 97 231 229 227 225) (2 4 3) simpleGrading (1 1 1)
	hex (102 100 101 103 230 228 229 231) (2 4 3) simpleGrading (1 1 1)
	hex (90 91 93 92 218 219 221 220) (4 3 3) simpleGrading (1 1 1)
	hex (106 107 109 108 234 235 237 236) (4 3 3) simpleGrading (1 1 1)
	hex (92 94 104 106 220 222 232 234) (2 4 3) simpleGrading (0.5 1 1)
	hex (93 95 94 92 221 223 222 220) (2 4 3) simpleGrading (0.5 1 1)
	hex (107 105 95 93 235 233 223 221) (2 4 3) simpleGrading (0.5 1 1)
	hex (106 104 105 107 234 232 233 235) (2 4 3) simpleGrading (0.5 1 1)
	hex (94 96 102 104 222 224 230 232) (2 4 3) simpleGrading (1 1 1)
	hex (95 97 96 94 223 225 224 222) (2 4 3) simpleGrading (1 1 1)
	hex (105 103 97 95 233 231 225 223) (2 4 3) simpleGrading (1 1 1)
	hex (104 102 103 105 232 230 231 233) (2 4 3) simpleGrading (1 1 1)
	hex (226 227 229 228 354 355 357 356) (4 4 150) simpleGrading (1 1 1)
	hex (224 226 228 230 352 354 356 358) (2 4 150) simpleGrading (1 1 1)
	hex (225 227 226 224 353 355 354 352) (2 4 150) simpleGrading (1 1 1)
	hex (231 229 227 225 359 357 355 353) (2 4 150) simpleGrading (1 1 1)
	hex (230 228 229 231 358 356 357 359) (2 4 150) simpleGrading (1 1 1)
	hex (116 117 119 118 244 245 247 246) (4 4 3) simpleGrading (1 1 1)
	hex (114 116 118 120 242 244 246 248) (2 4 3) simpleGrading (1 1 1)
	hex (115 117 116 114 243 245 244 242) (2 4 3) simpleGrading (1 1 1)
	hex (121 119 117 115 249 247 245 243) (2 4 3) simpleGrading (1 1 1)
	hex (120 118 119 121 248 246 247 249) (2 4 3) simpleGrading (1 1 1)
	hex (108 109 111 110 236 237 239 238) (4 3 3) simpleGrading (1 1 1)
	hex (124 125 127 126 252 253 255 254) (4 3 3) simpleGrading (1 1 1)
	hex (110 112 122 124 238 240 250 252) (2 4 3) simpleGrading (0.5 1 1)
	hex (111 113 112 110 239 241 240 238) (2 4 3) simpleGrading (0.5 1 1)
	hex (125 123 113 111 253 251 241 239) (2 4 3) simpleGrading (0.5 1 1)
	hex (124 122 123 125 252 250 251 253) (2 4 3) simpleGrading (0.5 1 1)
	hex (112 114 120 122 240 242 248 250) (2 4 3) simpleGrading (1 1 1)
	hex (113 115 114 112 241 243 242 240) (2 4 3) simpleGrading (1 1 1)
	hex (123 121 115 113 251 249 243 241) (2 4 3) simpleGrading (1 1 1)
	hex (122 120 121 123 250 248 249 251) (2 4 3) simpleGrading (1 1 1)
	hex (244 245 247 246 372 373 375 374) (4 4 150) simpleGrading (1 1 1)
	hex (242 244 246 248 370 372 374 376) (2 4 150) simpleGrading (1 1 1)
	hex (243 245 244 242 371 373 372 370) (2 4 150) simpleGrading (1 1 1)
	hex (249 247 245 243 377 375 373 371) (2 4 150) simpleGrading (1 1 1)
	hex (248 246 247 249 376 374 375 377) (2 4 150) simpleGrading (1 1 1)

);

edges
(
	arc 6 7 (53.0 113.0 0)
	arc 7 13 (54.0 114.0 0)
	arc 13 12 (53.0 115.0 0)
	arc 12 6 (52.0 114.0 0)
	arc 134 135 (53.0 113.0 4)
	arc 135 141 (54.0 114.0 4)
	arc 141 140 (53.0 115.0 4)
	arc 140 134 (52.0 114.0 4)
	arc 24 25 (53.0 125.0 0)
	arc 25 31 (54.0 126.0 0)
	arc 31 30 (53.0 127.0 0)
	arc 30 24 (52.0 126.0 0)
	arc 152 153 (53.0 125.0 4)
	arc 153 159 (54.0 126.0 4)
	arc 159 158 (53.0 127.0 4)
	arc 158 152 (52.0 126.0 4)
	arc 42 43 (53.0 137.0 0)
	arc 43 49 (54.0 138.0 0)
	arc 49 48 (53.0 139.0 0)
	arc 48 42 (52.0 138.0 0)
	arc 170 171 (53.0 137.0 4)
	arc 171 177 (54.0 138.0 4)
	arc 177 176 (53.0 139.0 4)
	arc 176 170 (52.0 138.0 4)
	arc 60 61 (53.0 149.0 0)
	arc 61 67 (54.0 150.0 0)
	arc 67 66 (53.0 151.0 0)
	arc 66 60 (52.0 150.0 0)
	arc 188 189 (53.0 149.0 4)
	arc 189 195 (54.0 150.0 4)
	arc 195 194 (53.0 151.0 4)
	arc 194 188 (52.0 150.0 4)
	arc 78 79 (53.0 161.0 0)
	arc 79 85 (54.0 162.0 0)
	arc 85 84 (53.0 163.0 0)
	arc 84 78 (52.0 162.0 0)
	arc 206 207 (53.0 161.0 4)
	arc 207 213 (54.0 162.0 4)
	arc 213 212 (53.0 163.0 4)
	arc 212 206 (52.0 162.0 4)
	arc 96 97 (53.0 173.0 0)
	arc 97 103 (54.0 174.0 0)
	arc 103 102 (53.0 175.0 0)
	arc 102 96 (52.0 174.0 0)
	arc 224 225 (53.0 173.0 4)
	arc 225 231 (54.0 174.0 4)
	arc 231 230 (53.0 175.0 4)
	arc 230 224 (52.0 174.0 4)
	arc 114 115 (53.0 185.0 0)
	arc 115 121 (54.0 186.0 0)
	arc 121 120 (53.0 187.0 0)
	arc 120 114 (52.0 186.0 0)
	arc 242 243 (53.0 185.0 4)
	arc 243 249 (54.0 186.0 4)
	arc 249 248 (53.0 187.0 4)
	arc 248 242 (52.0 186.0 4)
	arc 262 263 (53.0 113.0 189)
	arc 263 269 (54.0 114.0 189)
	arc 269 268 (53.0 115.0 189)
	arc 268 262 (52.0 114.0 189)
	arc 280 281 (53.0 125.0 189)
	arc 281 287 (54.0 126.0 189)
	arc 287 286 (53.0 127.0 189)
	arc 286 280 (52.0 126.0 189)
	arc 298 299 (53.0 137.0 189)
	arc 299 305 (54.0 138.0 189)
	arc 305 304 (53.0 139.0 189)
	arc 304 298 (52.0 138.0 189)
	arc 316 317 (53.0 149.0 189)
	arc 317 323 (54.0 150.0 189)
	arc 323 322 (53.0 151.0 189)
	arc 322 316 (52.0 150.0 189)
	arc 334 335 (53.0 161.0 189)
	arc 335 341 (54.0 162.0 189)
	arc 341 340 (53.0 163.0 189)
	arc 340 334 (52.0 162.0 189)
	arc 352 353 (53.0 173.0 189)
	arc 353 359 (54.0 174.0 189)
	arc 359 358 (53.0 175.0 189)
	arc 358 352 (52.0 174.0 189)
	arc 370 371 (53.0 185.0 189)
	arc 371 377 (54.0 186.0 189)
	arc 377 376 (53.0 187.0 189)
	arc 376 370 (52.0 186.0 189)
	arc 4 5 (53.0 112.0 0)
	arc 5 15 (55.0 114.0 0)
	arc 15 14 (53.0 116.0 0)
	arc 14 4 (51.0 114.0 0)
	arc 132 133 (53.0 112.0 4)
	arc 133 143 (55.0 114.0 4)
	arc 143 142 (53.0 116.0 4)
	arc 142 132 (51.0 114.0 4)
	arc 22 23 (53.0 124.0 0)
	arc 23 33 (55.0 126.0 0)
	arc 33 32 (53.0 128.0 0)
	arc 32 22 (51.0 126.0 0)
	arc 150 151 (53.0 124.0 4)
	arc 151 161 (55.0 126.0 4)
	arc 161 160 (53.0 128.0 4)
	arc 160 150 (51.0 126.0 4)
	arc 40 41 (53.0 136.0 0)
	arc 41 51 (55.0 138.0 0)
	arc 51 50 (53.0 140.0 0)
	arc 50 40 (51.0 138.0 0)
	arc 168 169 (53.0 136.0 4)
	arc 169 179 (55.0 138.0 4)
	arc 179 178 (53.0 140.0 4)
	arc 178 168 (51.0 138.0 4)
	arc 58 59 (53.0 148.0 0)
	arc 59 69 (55.0 150.0 0)
	arc 69 68 (53.0 152.0 0)
	arc 68 58 (51.0 150.0 0)
	arc 186 187 (53.0 148.0 4)
	arc 187 197 (55.0 150.0 4)
	arc 197 196 (53.0 152.0 4)
	arc 196 186 (51.0 150.0 4)
	arc 76 77 (53.0 160.0 0)
	arc 77 87 (55.0 162.0 0)
	arc 87 86 (53.0 164.0 0)
	arc 86 76 (51.0 162.0 0)
	arc 204 205 (53.0 160.0 4)
	arc 205 215 (55.0 162.0 4)
	arc 215 214 (53.0 164.0 4)
	arc 214 204 (51.0 162.0 4)
	arc 94 95 (53.0 172.0 0)
	arc 95 105 (55.0 174.0 0)
	arc 105 104 (53.0 176.0 0)
	arc 104 94 (51.0 174.0 0)
	arc 222 223 (53.0 172.0 4)
	arc 223 233 (55.0 174.0 4)
	arc 233 232 (53.0 176.0 4)
	arc 232 222 (51.0 174.0 4)
	arc 112 113 (53.0 184.0 0)
	arc 113 123 (55.0 186.0 0)
	arc 123 122 (53.0 188.0 0)
	arc 122 112 (51.0 186.0 0)
	arc 240 241 (53.0 184.0 4)
	arc 241 251 (55.0 186.0 4)
	arc 251 250 (53.0 188.0 4)
	arc 250 240 (51.0 186.0 4)
);

patches
(
	patch bristle
	(
		(0 128 130 2)
		(3 131 129 1 )
		(2 130 144 16)
		(17 145 131 3 )
		(16 144 146 18)
		(19 147 145 17 )
		(18 146 148 20)
		(21 149 147 19 )
		(20 148 162 34)
		(35 163 149 21 )
		(34 162 164 36)
		(37 165 163 35 )
		(36 164 166 38)
		(39 167 165 37 )
		(38 166 180 52)
		(53 181 167 39 )
		(52 180 182 54)
		(55 183 181 53 )
		(54 182 184 56)
		(57 185 183 55 )
		(56 184 198 70)
		(71 199 185 57 )
		(70 198 200 72)
		(73 201 199 71 )
		(72 200 202 74)
		(75 203 201 73 )
		(74 202 216 88)
		(89 217 203 75 )
		(88 216 218 90)
		(91 219 217 89 )
		(90 218 220 92)
		(93 221 219 91 )
		(92 220 234 106)
		(107 235 221 93 )
		(106 234 236 108)
		(109 237 235 107 )
		(108 236 238 110)
		(111 239 237 109 )
		(110 238 252 124)
		(125 253 239 111 )
		(124 252 254 126)
		(127 255 253 125 )
		(130 132 142 144)
		(131 133 132 130)
		(145 143 133 131)
		(144 142 143 145)
		(128 129 131 130)
		(144 145 147 146)
		(132 134 140 142)
		(133 135 134 132)
		(143 141 135 133)
		(142 140 141 143)
		(134 262 268 140)
		(135 263 262 134)
		(141 269 263 135)
		(140 268 269 141)
		(264 265 267 266)
		(262 264 266 268)
		(263 265 264 262)
		(269 267 265 263)
		(268 266 267 269)
		(148 150 160 162)
		(149 151 150 148)
		(163 161 151 149)
		(162 160 161 163)
		(146 147 149 148)
		(162 163 165 164)
		(150 152 158 160)
		(151 153 152 150)
		(161 159 153 151)
		(160 158 159 161)
		(152 280 286 158)
		(153 281 280 152)
		(159 287 281 153)
		(158 286 287 159)
		(282 283 285 284)
		(280 282 284 286)
		(281 283 282 280)
		(287 285 283 281)
		(286 284 285 287)
		(166 168 178 180)
		(167 169 168 166)
		(181 179 169 167)
		(180 178 179 181)
		(164 165 167 166)
		(180 181 183 182)
		(168 170 176 178)
		(169 171 170 168)
		(179 177 171 169)
		(178 176 177 179)
		(170 298 304 176)
		(171 299 298 170)
		(177 305 299 171)
		(176 304 305 177)
		(300 301 303 302)
		(298 300 302 304)
		(299 301 300 298)
		(305 303 301 299)
		(304 302 303 305)
		(184 186 196 198)
		(185 187 186 184)
		(199 197 187 185)
		(198 196 197 199)
		(182 183 185 184)
		(198 199 201 200)
		(186 188 194 196)
		(187 189 188 186)
		(197 195 189 187)
		(196 194 195 197)
		(188 316 322 194)
		(189 317 316 188)
		(195 323 317 189)
		(194 322 323 195)
		(318 319 321 320)
		(316 318 320 322)
		(317 319 318 316)
		(323 321 319 317)
		(322 320 321 323)
		(202 204 214 216)
		(203 205 204 202)
		(217 215 205 203)
		(216 214 215 217)
		(200 201 203 202)
		(216 217 219 218)
		(204 206 212 214)
		(205 207 206 204)
		(215 213 207 205)
		(214 212 213 215)
		(206 334 340 212)
		(207 335 334 206)
		(213 341 335 207)
		(212 340 341 213)
		(336 337 339 338)
		(334 336 338 340)
		(335 337 336 334)
		(341 339 337 335)
		(340 338 339 341)
		(220 222 232 234)
		(221 223 222 220)
		(235 233 223 221)
		(234 232 233 235)
		(218 219 221 220)
		(234 235 237 236)
		(222 224 230 232)
		(223 225 224 222)
		(233 231 225 223)
		(232 230 231 233)
		(224 352 358 230)
		(225 353 352 224)
		(231 359 353 225)
		(230 358 359 231)
		(354 355 357 356)
		(352 354 356 358)
		(353 355 354 352)
		(359 357 355 353)
		(358 356 357 359)
		(238 240 250 252)
		(239 241 240 238)
		(253 251 241 239)
		(252 250 251 253)
		(236 237 239 238)
		(252 253 255 254)
		(240 242 248 250)
		(241 243 242 240)
		(251 249 243 241)
		(250 248 249 251)
		(242 370 376 248)
		(243 371 370 242)
		(249 377 371 243)
		(248 376 377 249)
		(372 373 375 374)
		(370 372 374 376)
		(371 373 372 370)
		(377 375 373 371)
		(376 374 375 377)
		(0 1 129 128)
		(127 126 254 255)
	)

	patch plateFix
	(
		(10 11 9 8)
		(12 10 8 6)
		(6 8 9 7)
		(7 9 11 13)
		(13 11 10 12)
		(16 14 4 2)
		(2 4 5 3)
		(3 5 15 17)
		(17 15 14 16)
		(0 1 3 2)
		(16 17 19 18)
		(14 12 6 4)
		(4 6 7 5)
		(5 7 13 15)
		(15 13 12 14)
		(28 29 27 26)
		(30 28 26 24)
		(24 26 27 25)
		(25 27 29 31)
		(31 29 28 30)
		(34 32 22 20)
		(20 22 23 21)
		(21 23 33 35)
		(35 33 32 34)
		(18 19 21 20)
		(34 35 37 36)
		(32 30 24 22)
		(22 24 25 23)
		(23 25 31 33)
		(33 31 30 32)
		(46 47 45 44)
		(48 46 44 42)
		(42 44 45 43)
		(43 45 47 49)
		(49 47 46 48)
		(52 50 40 38)
		(38 40 41 39)
		(39 41 51 53)
		(53 51 50 52)
		(36 37 39 38)
		(52 53 55 54)
		(50 48 42 40)
		(40 42 43 41)
		(41 43 49 51)
		(51 49 48 50)
		(64 65 63 62)
		(66 64 62 60)
		(60 62 63 61)
		(61 63 65 67)
		(67 65 64 66)
		(70 68 58 56)
		(56 58 59 57)
		(57 59 69 71)
		(71 69 68 70)
		(54 55 57 56)
		(70 71 73 72)
		(68 66 60 58)
		(58 60 61 59)
		(59 61 67 69)
		(69 67 66 68)
		(82 83 81 80)
		(84 82 80 78)
		(78 80 81 79)
		(79 81 83 85)
		(85 83 82 84)
		(88 86 76 74)
		(74 76 77 75)
		(75 77 87 89)
		(89 87 86 88)
		(72 73 75 74)
		(88 89 91 90)
		(86 84 78 76)
		(76 78 79 77)
		(77 79 85 87)
		(87 85 84 86)
		(100 101 99 98)
		(102 100 98 96)
		(96 98 99 97)
		(97 99 101 103)
		(103 101 100 102)
		(106 104 94 92)
		(92 94 95 93)
		(93 95 105 107)
		(107 105 104 106)
		(90 91 93 92)
		(106 107 109 108)
		(104 102 96 94)
		(94 96 97 95)
		(95 97 103 105)
		(105 103 102 104)
		(118 119 117 116)
		(120 118 116 114)
		(114 116 117 115)
		(115 117 119 121)
		(121 119 118 120)
		(124 122 112 110)
		(110 112 113 111)
		(111 113 123 125)
		(125 123 122 124)
		(108 109 111 110)
		(124 125 127 126)
		(122 120 114 112)
		(112 114 115 113)
		(113 115 121 123)
		(123 121 120 122)
	)

);

mergePatchPairs
(
);


// ************************************************************************* //

