/*--------------------------------*- C++ -*----------------------------------*\
| =========                 |                                                 |
| \      /  F ield         | foam-extend: Open Source CFD                    |
|  \    /   O peration     | Version:     4.0                                |
|   \  /    A nd           | Web:         http://www.foam-extend.org         |
|    \/     M anipulation  |                                                 |
\*---------------------------------------------------------------------------*/
FoamFile
{
    version     2.0;
    format      ascii;
    class       dictionary;
    object      blockMeshDict;
}
// * * * * * * * * * * * * * * * * * * * * * * * * * * * * * * * * * * * * * //

convertToMeters 1e-6;
vertices
(
	(0 0 0)      //0
	(50 0 0)      //1
	(56 0 0)      //2
	(156 0 0)      //3
	(0 101 0)      //4
	(50 101 0)      //5
	(56 101 0)      //6
	(156 101 0)      //7
	(0 105 0)      //8
	(50 105 0)      //9
	(56 105 0)      //10
	(156 105 0)      //11
	(0 111 0)      //12
	(50 111 0)      //13
	(56 111 0)      //14
	(156 111 0)      //15
	(0 115 0)      //16
	(50 115 0)      //17
	(56 115 0)      //18
	(156 115 0)      //19
	(0 119 0)      //20
	(50 119 0)      //21
	(56 119 0)      //22
	(156 119 0)      //23
	(0 125 0)      //24
	(50 125 0)      //25
	(56 125 0)      //26
	(156 125 0)      //27
	(0 129 0)      //28
	(50 129 0)      //29
	(56 129 0)      //30
	(156 129 0)      //31
	(0 133 0)      //32
	(50 133 0)      //33
	(56 133 0)      //34
	(156 133 0)      //35
	(0 139 0)      //36
	(50 139 0)      //37
	(56 139 0)      //38
	(156 139 0)      //39
	(0 143 0)      //40
	(50 143 0)      //41
	(56 143 0)      //42
	(156 143 0)      //43
	(0 147 0)      //44
	(50 147 0)      //45
	(56 147 0)      //46
	(156 147 0)      //47
	(0 153 0)      //48
	(50 153 0)      //49
	(56 153 0)      //50
	(156 153 0)      //51
	(0 157 0)      //52
	(50 157 0)      //53
	(56 157 0)      //54
	(156 157 0)      //55
	(0 161 0)      //56
	(50 161 0)      //57
	(56 161 0)      //58
	(156 161 0)      //59
	(0 167 0)      //60
	(50 167 0)      //61
	(56 167 0)      //62
	(156 167 0)      //63
	(0 171 0)      //64
	(50 171 0)      //65
	(56 171 0)      //66
	(156 171 0)      //67
	(0 175 0)      //68
	(50 175 0)      //69
	(56 175 0)      //70
	(156 175 0)      //71
	(0 181 0)      //72
	(50 181 0)      //73
	(56 181 0)      //74
	(156 181 0)      //75
	(0 185 0)      //76
	(50 185 0)      //77
	(56 185 0)      //78
	(156 185 0)      //79
	(0 189 0)      //80
	(50 189 0)      //81
	(56 189 0)      //82
	(156 189 0)      //83
	(0 195 0)      //84
	(50 195 0)      //85
	(56 195 0)      //86
	(156 195 0)      //87
	(0 199 0)      //88
	(50 199 0)      //89
	(56 199 0)      //90
	(156 199 0)      //91
	(0 300 0)      //92
	(50 300 0)      //93
	(56 300 0)      //94
	(156 300 0)      //95
	(0 0 4)      //96
	(50 0 4)      //97
	(56 0 4)      //98
	(156 0 4)      //99
	(0 101 4)      //100
	(50 101 4)      //101
	(56 101 4)      //102
	(156 101 4)      //103
	(0 105 4)      //104
	(50 105 4)      //105
	(56 105 4)      //106
	(156 105 4)      //107
	(51.5858 106.5858 4)      //108
	(54.4142 106.5858 4)      //109
	(52.2929 107.2929 4)      //110
	(53.7071 107.2929 4)      //111
	(52.2929 108.7071 4)      //112
	(53.7071 108.7071 4)      //113
	(51.5858 109.4142 4)      //114
	(54.4142 109.4142 4)      //115
	(0 111 4)      //116
	(50 111 4)      //117
	(56 111 4)      //118
	(156 111 4)      //119
	(0 115 4)      //120
	(50 115 4)      //121
	(56 115 4)      //122
	(156 115 4)      //123
	(0 119 4)      //124
	(50 119 4)      //125
	(56 119 4)      //126
	(156 119 4)      //127
	(51.5858 120.5858 4)      //128
	(54.4142 120.5858 4)      //129
	(52.2929 121.2929 4)      //130
	(53.7071 121.2929 4)      //131
	(52.2929 122.7071 4)      //132
	(53.7071 122.7071 4)      //133
	(51.5858 123.4142 4)      //134
	(54.4142 123.4142 4)      //135
	(0 125 4)      //136
	(50 125 4)      //137
	(56 125 4)      //138
	(156 125 4)      //139
	(0 129 4)      //140
	(50 129 4)      //141
	(56 129 4)      //142
	(156 129 4)      //143
	(0 133 4)      //144
	(50 133 4)      //145
	(56 133 4)      //146
	(156 133 4)      //147
	(51.5858 134.5858 4)      //148
	(54.4142 134.5858 4)      //149
	(52.2929 135.2929 4)      //150
	(53.7071 135.2929 4)      //151
	(52.2929 136.7071 4)      //152
	(53.7071 136.7071 4)      //153
	(51.5858 137.4142 4)      //154
	(54.4142 137.4142 4)      //155
	(0 139 4)      //156
	(50 139 4)      //157
	(56 139 4)      //158
	(156 139 4)      //159
	(0 143 4)      //160
	(50 143 4)      //161
	(56 143 4)      //162
	(156 143 4)      //163
	(0 147 4)      //164
	(50 147 4)      //165
	(56 147 4)      //166
	(156 147 4)      //167
	(51.5858 148.5858 4)      //168
	(54.4142 148.5858 4)      //169
	(52.2929 149.2929 4)      //170
	(53.7071 149.2929 4)      //171
	(52.2929 150.7071 4)      //172
	(53.7071 150.7071 4)      //173
	(51.5858 151.4142 4)      //174
	(54.4142 151.4142 4)      //175
	(0 153 4)      //176
	(50 153 4)      //177
	(56 153 4)      //178
	(156 153 4)      //179
	(0 157 4)      //180
	(50 157 4)      //181
	(56 157 4)      //182
	(156 157 4)      //183
	(0 161 4)      //184
	(50 161 4)      //185
	(56 161 4)      //186
	(156 161 4)      //187
	(51.5858 162.5858 4)      //188
	(54.4142 162.5858 4)      //189
	(52.2929 163.2929 4)      //190
	(53.7071 163.2929 4)      //191
	(52.2929 164.7071 4)      //192
	(53.7071 164.7071 4)      //193
	(51.5858 165.4142 4)      //194
	(54.4142 165.4142 4)      //195
	(0 167 4)      //196
	(50 167 4)      //197
	(56 167 4)      //198
	(156 167 4)      //199
	(0 171 4)      //200
	(50 171 4)      //201
	(56 171 4)      //202
	(156 171 4)      //203
	(0 175 4)      //204
	(50 175 4)      //205
	(56 175 4)      //206
	(156 175 4)      //207
	(51.5858 176.5858 4)      //208
	(54.4142 176.5858 4)      //209
	(52.2929 177.2929 4)      //210
	(53.7071 177.2929 4)      //211
	(52.2929 178.7071 4)      //212
	(53.7071 178.7071 4)      //213
	(51.5858 179.4142 4)      //214
	(54.4142 179.4142 4)      //215
	(0 181 4)      //216
	(50 181 4)      //217
	(56 181 4)      //218
	(156 181 4)      //219
	(0 185 4)      //220
	(50 185 4)      //221
	(56 185 4)      //222
	(156 185 4)      //223
	(0 189 4)      //224
	(50 189 4)      //225
	(56 189 4)      //226
	(156 189 4)      //227
	(51.5858 190.5858 4)      //228
	(54.4142 190.5858 4)      //229
	(52.2929 191.2929 4)      //230
	(53.7071 191.2929 4)      //231
	(52.2929 192.7071 4)      //232
	(53.7071 192.7071 4)      //233
	(51.5858 193.4142 4)      //234
	(54.4142 193.4142 4)      //235
	(0 195 4)      //236
	(50 195 4)      //237
	(56 195 4)      //238
	(156 195 4)      //239
	(0 199 4)      //240
	(50 199 4)      //241
	(56 199 4)      //242
	(156 199 4)      //243
	(0 300 4)      //244
	(50 300 4)      //245
	(56 300 4)      //246
	(156 300 4)      //247
	(0 0 189)      //248
	(50 0 189)      //249
	(56 0 189)      //250
	(156 0 189)      //251
	(0 101 189)      //252
	(50 101 189)      //253
	(56 101 189)      //254
	(156 101 189)      //255
	(0 105 189)      //256
	(50 105 189)      //257
	(56 105 189)      //258
	(156 105 189)      //259
	(51.5858 106.5858 189)      //260
	(54.4142 106.5858 189)      //261
	(52.2929 107.2929 189)      //262
	(53.7071 107.2929 189)      //263
	(52.505 107.505 189)      //264
	(53.495 107.505 189)      //265
	(52.505 108.495 189)      //266
	(53.495 108.495 189)      //267
	(52.2929 108.7071 189)      //268
	(53.7071 108.7071 189)      //269
	(51.5858 109.4142 189)      //270
	(54.4142 109.4142 189)      //271
	(0 111 189)      //272
	(50 111 189)      //273
	(56 111 189)      //274
	(156 111 189)      //275
	(0 115 189)      //276
	(50 115 189)      //277
	(56 115 189)      //278
	(156 115 189)      //279
	(0 119 189)      //280
	(50 119 189)      //281
	(56 119 189)      //282
	(156 119 189)      //283
	(51.5858 120.5858 189)      //284
	(54.4142 120.5858 189)      //285
	(52.2929 121.2929 189)      //286
	(53.7071 121.2929 189)      //287
	(52.505 121.505 189)      //288
	(53.495 121.505 189)      //289
	(52.505 122.495 189)      //290
	(53.495 122.495 189)      //291
	(52.2929 122.7071 189)      //292
	(53.7071 122.7071 189)      //293
	(51.5858 123.4142 189)      //294
	(54.4142 123.4142 189)      //295
	(0 125 189)      //296
	(50 125 189)      //297
	(56 125 189)      //298
	(156 125 189)      //299
	(0 129 189)      //300
	(50 129 189)      //301
	(56 129 189)      //302
	(156 129 189)      //303
	(0 133 189)      //304
	(50 133 189)      //305
	(56 133 189)      //306
	(156 133 189)      //307
	(51.5858 134.5858 189)      //308
	(54.4142 134.5858 189)      //309
	(52.2929 135.2929 189)      //310
	(53.7071 135.2929 189)      //311
	(52.505 135.505 189)      //312
	(53.495 135.505 189)      //313
	(52.505 136.495 189)      //314
	(53.495 136.495 189)      //315
	(52.2929 136.7071 189)      //316
	(53.7071 136.7071 189)      //317
	(51.5858 137.4142 189)      //318
	(54.4142 137.4142 189)      //319
	(0 139 189)      //320
	(50 139 189)      //321
	(56 139 189)      //322
	(156 139 189)      //323
	(0 143 189)      //324
	(50 143 189)      //325
	(56 143 189)      //326
	(156 143 189)      //327
	(0 147 189)      //328
	(50 147 189)      //329
	(56 147 189)      //330
	(156 147 189)      //331
	(51.5858 148.5858 189)      //332
	(54.4142 148.5858 189)      //333
	(52.2929 149.2929 189)      //334
	(53.7071 149.2929 189)      //335
	(52.505 149.505 189)      //336
	(53.495 149.505 189)      //337
	(52.505 150.495 189)      //338
	(53.495 150.495 189)      //339
	(52.2929 150.7071 189)      //340
	(53.7071 150.7071 189)      //341
	(51.5858 151.4142 189)      //342
	(54.4142 151.4142 189)      //343
	(0 153 189)      //344
	(50 153 189)      //345
	(56 153 189)      //346
	(156 153 189)      //347
	(0 157 189)      //348
	(50 157 189)      //349
	(56 157 189)      //350
	(156 157 189)      //351
	(0 161 189)      //352
	(50 161 189)      //353
	(56 161 189)      //354
	(156 161 189)      //355
	(51.5858 162.5858 189)      //356
	(54.4142 162.5858 189)      //357
	(52.2929 163.2929 189)      //358
	(53.7071 163.2929 189)      //359
	(52.505 163.505 189)      //360
	(53.495 163.505 189)      //361
	(52.505 164.495 189)      //362
	(53.495 164.495 189)      //363
	(52.2929 164.7071 189)      //364
	(53.7071 164.7071 189)      //365
	(51.5858 165.4142 189)      //366
	(54.4142 165.4142 189)      //367
	(0 167 189)      //368
	(50 167 189)      //369
	(56 167 189)      //370
	(156 167 189)      //371
	(0 171 189)      //372
	(50 171 189)      //373
	(56 171 189)      //374
	(156 171 189)      //375
	(0 175 189)      //376
	(50 175 189)      //377
	(56 175 189)      //378
	(156 175 189)      //379
	(51.5858 176.5858 189)      //380
	(54.4142 176.5858 189)      //381
	(52.2929 177.2929 189)      //382
	(53.7071 177.2929 189)      //383
	(52.505 177.505 189)      //384
	(53.495 177.505 189)      //385
	(52.505 178.495 189)      //386
	(53.495 178.495 189)      //387
	(52.2929 178.7071 189)      //388
	(53.7071 178.7071 189)      //389
	(51.5858 179.4142 189)      //390
	(54.4142 179.4142 189)      //391
	(0 181 189)      //392
	(50 181 189)      //393
	(56 181 189)      //394
	(156 181 189)      //395
	(0 185 189)      //396
	(50 185 189)      //397
	(56 185 189)      //398
	(156 185 189)      //399
	(0 189 189)      //400
	(50 189 189)      //401
	(56 189 189)      //402
	(156 189 189)      //403
	(51.5858 190.5858 189)      //404
	(54.4142 190.5858 189)      //405
	(52.2929 191.2929 189)      //406
	(53.7071 191.2929 189)      //407
	(52.505 191.505 189)      //408
	(53.495 191.505 189)      //409
	(52.505 192.495 189)      //410
	(53.495 192.495 189)      //411
	(52.2929 192.7071 189)      //412
	(53.7071 192.7071 189)      //413
	(51.5858 193.4142 189)      //414
	(54.4142 193.4142 189)      //415
	(0 195 189)      //416
	(50 195 189)      //417
	(56 195 189)      //418
	(156 195 189)      //419
	(0 199 189)      //420
	(50 199 189)      //421
	(56 199 189)      //422
	(156 199 189)      //423
	(0 300 189)      //424
	(50 300 189)      //425
	(56 300 189)      //426
	(156 300 189)      //427
	(0 0 281.5)      //428
	(50 0 281.5)      //429
	(56 0 281.5)      //430
	(156 0 281.5)      //431
	(0 101 281.5)      //432
	(50 101 281.5)      //433
	(56 101 281.5)      //434
	(156 101 281.5)      //435
	(0 105 281.5)      //436
	(50 105 281.5)      //437
	(56 105 281.5)      //438
	(156 105 281.5)      //439
	(51.5858 106.5858 281.5)      //440
	(54.4142 106.5858 281.5)      //441
	(52.2929 107.2929 281.5)      //442
	(53.7071 107.2929 281.5)      //443
	(52.505 107.505 281.5)      //444
	(53.495 107.505 281.5)      //445
	(52.505 108.495 281.5)      //446
	(53.495 108.495 281.5)      //447
	(52.2929 108.7071 281.5)      //448
	(53.7071 108.7071 281.5)      //449
	(51.5858 109.4142 281.5)      //450
	(54.4142 109.4142 281.5)      //451
	(0 111 281.5)      //452
	(50 111 281.5)      //453
	(56 111 281.5)      //454
	(156 111 281.5)      //455
	(0 115 281.5)      //456
	(50 115 281.5)      //457
	(56 115 281.5)      //458
	(156 115 281.5)      //459
	(0 119 281.5)      //460
	(50 119 281.5)      //461
	(56 119 281.5)      //462
	(156 119 281.5)      //463
	(51.5858 120.5858 281.5)      //464
	(54.4142 120.5858 281.5)      //465
	(52.2929 121.2929 281.5)      //466
	(53.7071 121.2929 281.5)      //467
	(52.505 121.505 281.5)      //468
	(53.495 121.505 281.5)      //469
	(52.505 122.495 281.5)      //470
	(53.495 122.495 281.5)      //471
	(52.2929 122.7071 281.5)      //472
	(53.7071 122.7071 281.5)      //473
	(51.5858 123.4142 281.5)      //474
	(54.4142 123.4142 281.5)      //475
	(0 125 281.5)      //476
	(50 125 281.5)      //477
	(56 125 281.5)      //478
	(156 125 281.5)      //479
	(0 129 281.5)      //480
	(50 129 281.5)      //481
	(56 129 281.5)      //482
	(156 129 281.5)      //483
	(0 133 281.5)      //484
	(50 133 281.5)      //485
	(56 133 281.5)      //486
	(156 133 281.5)      //487
	(51.5858 134.5858 281.5)      //488
	(54.4142 134.5858 281.5)      //489
	(52.2929 135.2929 281.5)      //490
	(53.7071 135.2929 281.5)      //491
	(52.505 135.505 281.5)      //492
	(53.495 135.505 281.5)      //493
	(52.505 136.495 281.5)      //494
	(53.495 136.495 281.5)      //495
	(52.2929 136.7071 281.5)      //496
	(53.7071 136.7071 281.5)      //497
	(51.5858 137.4142 281.5)      //498
	(54.4142 137.4142 281.5)      //499
	(0 139 281.5)      //500
	(50 139 281.5)      //501
	(56 139 281.5)      //502
	(156 139 281.5)      //503
	(0 143 281.5)      //504
	(50 143 281.5)      //505
	(56 143 281.5)      //506
	(156 143 281.5)      //507
	(0 147 281.5)      //508
	(50 147 281.5)      //509
	(56 147 281.5)      //510
	(156 147 281.5)      //511
	(51.5858 148.5858 281.5)      //512
	(54.4142 148.5858 281.5)      //513
	(52.2929 149.2929 281.5)      //514
	(53.7071 149.2929 281.5)      //515
	(52.505 149.505 281.5)      //516
	(53.495 149.505 281.5)      //517
	(52.505 150.495 281.5)      //518
	(53.495 150.495 281.5)      //519
	(52.2929 150.7071 281.5)      //520
	(53.7071 150.7071 281.5)      //521
	(51.5858 151.4142 281.5)      //522
	(54.4142 151.4142 281.5)      //523
	(0 153 281.5)      //524
	(50 153 281.5)      //525
	(56 153 281.5)      //526
	(156 153 281.5)      //527
	(0 157 281.5)      //528
	(50 157 281.5)      //529
	(56 157 281.5)      //530
	(156 157 281.5)      //531
	(0 161 281.5)      //532
	(50 161 281.5)      //533
	(56 161 281.5)      //534
	(156 161 281.5)      //535
	(51.5858 162.5858 281.5)      //536
	(54.4142 162.5858 281.5)      //537
	(52.2929 163.2929 281.5)      //538
	(53.7071 163.2929 281.5)      //539
	(52.505 163.505 281.5)      //540
	(53.495 163.505 281.5)      //541
	(52.505 164.495 281.5)      //542
	(53.495 164.495 281.5)      //543
	(52.2929 164.7071 281.5)      //544
	(53.7071 164.7071 281.5)      //545
	(51.5858 165.4142 281.5)      //546
	(54.4142 165.4142 281.5)      //547
	(0 167 281.5)      //548
	(50 167 281.5)      //549
	(56 167 281.5)      //550
	(156 167 281.5)      //551
	(0 171 281.5)      //552
	(50 171 281.5)      //553
	(56 171 281.5)      //554
	(156 171 281.5)      //555
	(0 175 281.5)      //556
	(50 175 281.5)      //557
	(56 175 281.5)      //558
	(156 175 281.5)      //559
	(51.5858 176.5858 281.5)      //560
	(54.4142 176.5858 281.5)      //561
	(52.2929 177.2929 281.5)      //562
	(53.7071 177.2929 281.5)      //563
	(52.505 177.505 281.5)      //564
	(53.495 177.505 281.5)      //565
	(52.505 178.495 281.5)      //566
	(53.495 178.495 281.5)      //567
	(52.2929 178.7071 281.5)      //568
	(53.7071 178.7071 281.5)      //569
	(51.5858 179.4142 281.5)      //570
	(54.4142 179.4142 281.5)      //571
	(0 181 281.5)      //572
	(50 181 281.5)      //573
	(56 181 281.5)      //574
	(156 181 281.5)      //575
	(0 185 281.5)      //576
	(50 185 281.5)      //577
	(56 185 281.5)      //578
	(156 185 281.5)      //579
	(0 189 281.5)      //580
	(50 189 281.5)      //581
	(56 189 281.5)      //582
	(156 189 281.5)      //583
	(51.5858 190.5858 281.5)      //584
	(54.4142 190.5858 281.5)      //585
	(52.2929 191.2929 281.5)      //586
	(53.7071 191.2929 281.5)      //587
	(52.505 191.505 281.5)      //588
	(53.495 191.505 281.5)      //589
	(52.505 192.495 281.5)      //590
	(53.495 192.495 281.5)      //591
	(52.2929 192.7071 281.5)      //592
	(53.7071 192.7071 281.5)      //593
	(51.5858 193.4142 281.5)      //594
	(54.4142 193.4142 281.5)      //595
	(0 195 281.5)      //596
	(50 195 281.5)      //597
	(56 195 281.5)      //598
	(156 195 281.5)      //599
	(0 199 281.5)      //600
	(50 199 281.5)      //601
	(56 199 281.5)      //602
	(156 199 281.5)      //603
	(0 300 281.5)      //604
	(50 300 281.5)      //605
	(56 300 281.5)      //606
	(156 300 281.5)      //607

);

blocks
(
	hex (0 1 5 4 96 97 101 100) (20 30 5) simpleGrading (0.5 0.2 1)
	hex (4 5 9 8 100 101 105 104) (20 3 5) simpleGrading (0.5 1 1)
	hex (8 9 13 12 104 105 117 116) (20 4 5) simpleGrading (0.5 1 1)
	hex (12 13 17 16 116 117 121 120) (20 3 5) simpleGrading (0.5 1 1)
	hex (16 17 21 20 120 121 125 124) (20 3 5) simpleGrading (0.5 1 1)
	hex (20 21 25 24 124 125 137 136) (20 4 5) simpleGrading (0.5 1 1)
	hex (24 25 29 28 136 137 141 140) (20 3 5) simpleGrading (0.5 1 1)
	hex (28 29 33 32 140 141 145 144) (20 3 5) simpleGrading (0.5 1 1)
	hex (32 33 37 36 144 145 157 156) (20 4 5) simpleGrading (0.5 1 1)
	hex (36 37 41 40 156 157 161 160) (20 3 5) simpleGrading (0.5 1 1)
	hex (40 41 45 44 160 161 165 164) (20 3 5) simpleGrading (0.5 1 1)
	hex (44 45 49 48 164 165 177 176) (20 4 5) simpleGrading (0.5 1 1)
	hex (48 49 53 52 176 177 181 180) (20 3 5) simpleGrading (0.5 1 1)
	hex (52 53 57 56 180 181 185 184) (20 3 5) simpleGrading (0.5 1 1)
	hex (56 57 61 60 184 185 197 196) (20 4 5) simpleGrading (0.5 1 1)
	hex (60 61 65 64 196 197 201 200) (20 3 5) simpleGrading (0.5 1 1)
	hex (64 65 69 68 200 201 205 204) (20 3 5) simpleGrading (0.5 1 1)
	hex (68 69 73 72 204 205 217 216) (20 4 5) simpleGrading (0.5 1 1)
	hex (72 73 77 76 216 217 221 220) (20 3 5) simpleGrading (0.5 1 1)
	hex (76 77 81 80 220 221 225 224) (20 3 5) simpleGrading (0.5 1 1)
	hex (80 81 85 84 224 225 237 236) (20 4 5) simpleGrading (0.5 1 1)
	hex (84 85 89 88 236 237 241 240) (20 3 5) simpleGrading (0.5 1 1)
	hex (88 89 93 92 240 241 245 244) (20 30 5) simpleGrading (0.5 5 1)

	hex (2 3 7 6 98 99 103 102) (40 30 5) simpleGrading (2 0.2 1)
	hex (6 7 11 10 102 103 107 106) (40 3 5) simpleGrading (2 1 1)
	hex (10 11 15 14 106 107 119 118) (40 4 5) simpleGrading (2 1 1)
	hex (14 15 19 18 118 119 123 122) (40 3 5) simpleGrading (2 1 1)
	hex (18 19 23 22 122 123 127 126) (40 3 5) simpleGrading (2 1 1)
	hex (22 23 27 26 126 127 139 138) (40 4 5) simpleGrading (2 1 1)
	hex (26 27 31 30 138 139 143 142) (40 3 5) simpleGrading (2 1 1)
	hex (30 31 35 34 142 143 147 146) (40 3 5) simpleGrading (2 1 1)
	hex (34 35 39 38 146 147 159 158) (40 4 5) simpleGrading (2 1 1)
	hex (38 39 43 42 158 159 163 162) (40 3 5) simpleGrading (2 1 1)
	hex (42 43 47 46 162 163 167 166) (40 3 5) simpleGrading (2 1 1)
	hex (46 47 51 50 166 167 179 178) (40 4 5) simpleGrading (2 1 1)
	hex (50 51 55 54 178 179 183 182) (40 3 5) simpleGrading (2 1 1)
	hex (54 55 59 58 182 183 187 186) (40 3 5) simpleGrading (2 1 1)
	hex (58 59 63 62 186 187 199 198) (40 4 5) simpleGrading (2 1 1)
	hex (62 63 67 66 198 199 203 202) (40 3 5) simpleGrading (2 1 1)
	hex (66 67 71 70 202 203 207 206) (40 3 5) simpleGrading (2 1 1)
	hex (70 71 75 74 206 207 219 218) (40 4 5) simpleGrading (2 1 1)
	hex (74 75 79 78 218 219 223 222) (40 3 5) simpleGrading (2 1 1)
	hex (78 79 83 82 222 223 227 226) (40 3 5) simpleGrading (2 1 1)
	hex (82 83 87 86 226 227 239 238) (40 4 5) simpleGrading (2 1 1)
	hex (86 87 91 90 238 239 243 242) (40 3 5) simpleGrading (2 1 1)
	hex (90 91 95 94 242 243 247 246) (40 30 5) simpleGrading (2 5 1)

	hex (1 2 6 5 97 98 102 101) (4 30 5) simpleGrading (1 0.2 1)
	hex (89 90 94 93 241 242 246 245) (4 30 5) simpleGrading (1 5 1)

	hex (96 97 101 100 248 249 253 252) (20 30 160) simpleGrading (0.5 0.2 1)
	hex (100 101 105 104 252 253 257 256) (20 3 160) simpleGrading (0.5 1 1)
	hex (104 105 117 116 256 257 273 272) (20 4 160) simpleGrading (0.5 1 1)
	hex (116 117 121 120 272 273 277 276) (20 3 160) simpleGrading (0.5 1 1)
	hex (120 121 125 124 276 277 281 280) (20 3 160) simpleGrading (0.5 1 1)
	hex (124 125 137 136 280 281 297 296) (20 4 160) simpleGrading (0.5 1 1)
	hex (136 137 141 140 296 297 301 300) (20 3 160) simpleGrading (0.5 1 1)
	hex (140 141 145 144 300 301 305 304) (20 3 160) simpleGrading (0.5 1 1)
	hex (144 145 157 156 304 305 321 320) (20 4 160) simpleGrading (0.5 1 1)
	hex (156 157 161 160 320 321 325 324) (20 3 160) simpleGrading (0.5 1 1)
	hex (160 161 165 164 324 325 329 328) (20 3 160) simpleGrading (0.5 1 1)
	hex (164 165 177 176 328 329 345 344) (20 4 160) simpleGrading (0.5 1 1)
	hex (176 177 181 180 344 345 349 348) (20 3 160) simpleGrading (0.5 1 1)
	hex (180 181 185 184 348 349 353 352) (20 3 160) simpleGrading (0.5 1 1)
	hex (184 185 197 196 352 353 369 368) (20 4 160) simpleGrading (0.5 1 1)
	hex (196 197 201 200 368 369 373 372) (20 3 160) simpleGrading (0.5 1 1)
	hex (200 201 205 204 372 373 377 376) (20 3 160) simpleGrading (0.5 1 1)
	hex (204 205 217 216 376 377 393 392) (20 4 160) simpleGrading (0.5 1 1)
	hex (216 217 221 220 392 393 397 396) (20 3 160) simpleGrading (0.5 1 1)
	hex (220 221 225 224 396 397 401 400) (20 3 160) simpleGrading (0.5 1 1)
	hex (224 225 237 236 400 401 417 416) (20 4 160) simpleGrading (0.5 1 1)
	hex (236 237 241 240 416 417 421 420) (20 3 160) simpleGrading (0.5 1 1)
	hex (240 241 245 244 420 421 425 424) (20 30 160) simpleGrading (0.5 5 1)

	hex (98 99 103 102 250 251 255 254) (40 30 160) simpleGrading (2 0.2 1)
	hex (102 103 107 106 254 255 259 258) (40 3 160) simpleGrading (2 1 1)
	hex (106 107 119 118 258 259 275 274) (40 4 160) simpleGrading (2 1 1)
	hex (118 119 123 122 274 275 279 278) (40 3 160) simpleGrading (2 1 1)
	hex (122 123 127 126 278 279 283 282) (40 3 160) simpleGrading (2 1 1)
	hex (126 127 139 138 282 283 299 298) (40 4 160) simpleGrading (2 1 1)
	hex (138 139 143 142 298 299 303 302) (40 3 160) simpleGrading (2 1 1)
	hex (142 143 147 146 302 303 307 306) (40 3 160) simpleGrading (2 1 1)
	hex (146 147 159 158 306 307 323 322) (40 4 160) simpleGrading (2 1 1)
	hex (158 159 163 162 322 323 327 326) (40 3 160) simpleGrading (2 1 1)
	hex (162 163 167 166 326 327 331 330) (40 3 160) simpleGrading (2 1 1)
	hex (166 167 179 178 330 331 347 346) (40 4 160) simpleGrading (2 1 1)
	hex (178 179 183 182 346 347 351 350) (40 3 160) simpleGrading (2 1 1)
	hex (182 183 187 186 350 351 355 354) (40 3 160) simpleGrading (2 1 1)
	hex (186 187 199 198 354 355 371 370) (40 4 160) simpleGrading (2 1 1)
	hex (198 199 203 202 370 371 375 374) (40 3 160) simpleGrading (2 1 1)
	hex (202 203 207 206 374 375 379 378) (40 3 160) simpleGrading (2 1 1)
	hex (206 207 219 218 378 379 395 394) (40 4 160) simpleGrading (2 1 1)
	hex (218 219 223 222 394 395 399 398) (40 3 160) simpleGrading (2 1 1)
	hex (222 223 227 226 398 399 403 402) (40 3 160) simpleGrading (2 1 1)
	hex (226 227 239 238 402 403 419 418) (40 4 160) simpleGrading (2 1 1)
	hex (238 239 243 242 418 419 423 422) (40 3 160) simpleGrading (2 1 1)
	hex (242 243 247 246 422 423 427 426) (40 30 160) simpleGrading (2 5 1)

	hex (97 98 102 101 249 250 254 253) (4 30 160) simpleGrading (1 0.2 1)
	hex (241 242 246 245 421 422 426 425) (4 30 160) simpleGrading (1 5 1)

	hex (105 108 114 117 257 260 270 273) (2 4 160) simpleGrading (1 1 1)
	hex (106 109 108 105 258 261 260 257) (2 4 160) simpleGrading (1 1 1)
	hex (118 115 109 106 274 271 261 258) (2 4 160) simpleGrading (1 1 1)
	hex (117 114 115 118 273 270 271 274) (2 4 160) simpleGrading (1 1 1)
	hex (108 110 112 114 260 262 268 270) (3 4 160) simpleGrading (1 1 1)
	hex (109 111 110 108 261 263 262 260) (3 4 160) simpleGrading (1 1 1)
	hex (115 113 111 109 271 269 263 261) (3 4 160) simpleGrading (1 1 1)
	hex (114 112 113 115 270 268 269 271) (3 4 160) simpleGrading (1 1 1)
	hex (101 102 106 105 253 254 258 257) (4 3 160) simpleGrading (1 1 1)
	hex (117 118 122 121 273 274 278 277) (4 3 160) simpleGrading (1 1 1)
	hex (125 128 134 137 281 284 294 297) (2 4 160) simpleGrading (1 1 1)
	hex (126 129 128 125 282 285 284 281) (2 4 160) simpleGrading (1 1 1)
	hex (138 135 129 126 298 295 285 282) (2 4 160) simpleGrading (1 1 1)
	hex (137 134 135 138 297 294 295 298) (2 4 160) simpleGrading (1 1 1)
	hex (128 130 132 134 284 286 292 294) (3 4 160) simpleGrading (1 1 1)
	hex (129 131 130 128 285 287 286 284) (3 4 160) simpleGrading (1 1 1)
	hex (135 133 131 129 295 293 287 285) (3 4 160) simpleGrading (1 1 1)
	hex (134 132 133 135 294 292 293 295) (3 4 160) simpleGrading (1 1 1)
	hex (121 122 126 125 277 278 282 281) (4 3 160) simpleGrading (1 1 1)
	hex (137 138 142 141 297 298 302 301) (4 3 160) simpleGrading (1 1 1)
	hex (145 148 154 157 305 308 318 321) (2 4 160) simpleGrading (1 1 1)
	hex (146 149 148 145 306 309 308 305) (2 4 160) simpleGrading (1 1 1)
	hex (158 155 149 146 322 319 309 306) (2 4 160) simpleGrading (1 1 1)
	hex (157 154 155 158 321 318 319 322) (2 4 160) simpleGrading (1 1 1)
	hex (148 150 152 154 308 310 316 318) (3 4 160) simpleGrading (1 1 1)
	hex (149 151 150 148 309 311 310 308) (3 4 160) simpleGrading (1 1 1)
	hex (155 153 151 149 319 317 311 309) (3 4 160) simpleGrading (1 1 1)
	hex (154 152 153 155 318 316 317 319) (3 4 160) simpleGrading (1 1 1)
	hex (141 142 146 145 301 302 306 305) (4 3 160) simpleGrading (1 1 1)
	hex (157 158 162 161 321 322 326 325) (4 3 160) simpleGrading (1 1 1)
	hex (165 168 174 177 329 332 342 345) (2 4 160) simpleGrading (1 1 1)
	hex (166 169 168 165 330 333 332 329) (2 4 160) simpleGrading (1 1 1)
	hex (178 175 169 166 346 343 333 330) (2 4 160) simpleGrading (1 1 1)
	hex (177 174 175 178 345 342 343 346) (2 4 160) simpleGrading (1 1 1)
	hex (168 170 172 174 332 334 340 342) (3 4 160) simpleGrading (1 1 1)
	hex (169 171 170 168 333 335 334 332) (3 4 160) simpleGrading (1 1 1)
	hex (175 173 171 169 343 341 335 333) (3 4 160) simpleGrading (1 1 1)
	hex (174 172 173 175 342 340 341 343) (3 4 160) simpleGrading (1 1 1)
	hex (161 162 166 165 325 326 330 329) (4 3 160) simpleGrading (1 1 1)
	hex (177 178 182 181 345 346 350 349) (4 3 160) simpleGrading (1 1 1)
	hex (185 188 194 197 353 356 366 369) (2 4 160) simpleGrading (1 1 1)
	hex (186 189 188 185 354 357 356 353) (2 4 160) simpleGrading (1 1 1)
	hex (198 195 189 186 370 367 357 354) (2 4 160) simpleGrading (1 1 1)
	hex (197 194 195 198 369 366 367 370) (2 4 160) simpleGrading (1 1 1)
	hex (188 190 192 194 356 358 364 366) (3 4 160) simpleGrading (1 1 1)
	hex (189 191 190 188 357 359 358 356) (3 4 160) simpleGrading (1 1 1)
	hex (195 193 191 189 367 365 359 357) (3 4 160) simpleGrading (1 1 1)
	hex (194 192 193 195 366 364 365 367) (3 4 160) simpleGrading (1 1 1)
	hex (181 182 186 185 349 350 354 353) (4 3 160) simpleGrading (1 1 1)
	hex (197 198 202 201 369 370 374 373) (4 3 160) simpleGrading (1 1 1)
	hex (205 208 214 217 377 380 390 393) (2 4 160) simpleGrading (1 1 1)
	hex (206 209 208 205 378 381 380 377) (2 4 160) simpleGrading (1 1 1)
	hex (218 215 209 206 394 391 381 378) (2 4 160) simpleGrading (1 1 1)
	hex (217 214 215 218 393 390 391 394) (2 4 160) simpleGrading (1 1 1)
	hex (208 210 212 214 380 382 388 390) (3 4 160) simpleGrading (1 1 1)
	hex (209 211 210 208 381 383 382 380) (3 4 160) simpleGrading (1 1 1)
	hex (215 213 211 209 391 389 383 381) (3 4 160) simpleGrading (1 1 1)
	hex (214 212 213 215 390 388 389 391) (3 4 160) simpleGrading (1 1 1)
	hex (201 202 206 205 373 374 378 377) (4 3 160) simpleGrading (1 1 1)
	hex (217 218 222 221 393 394 398 397) (4 3 160) simpleGrading (1 1 1)
	hex (225 228 234 237 401 404 414 417) (2 4 160) simpleGrading (1 1 1)
	hex (226 229 228 225 402 405 404 401) (2 4 160) simpleGrading (1 1 1)
	hex (238 235 229 226 418 415 405 402) (2 4 160) simpleGrading (1 1 1)
	hex (237 234 235 238 417 414 415 418) (2 4 160) simpleGrading (1 1 1)
	hex (228 230 232 234 404 406 412 414) (3 4 160) simpleGrading (1 1 1)
	hex (229 231 230 228 405 407 406 404) (3 4 160) simpleGrading (1 1 1)
	hex (235 233 231 229 415 413 407 405) (3 4 160) simpleGrading (1 1 1)
	hex (234 232 233 235 414 412 413 415) (3 4 160) simpleGrading (1 1 1)
	hex (221 222 226 225 397 398 402 401) (4 3 160) simpleGrading (1 1 1)
	hex (237 238 242 241 417 418 422 421) (4 3 160) simpleGrading (1 1 1)

	hex (248 249 253 252 428 429 433 432) (20 30 80) simpleGrading (0.5 0.2 1)
	hex (252 253 257 256 432 433 437 436) (20 3 80) simpleGrading (0.5 1 1)
	hex (256 257 273 272 436 437 453 452) (20 4 80) simpleGrading (0.5 1 1)
	hex (272 273 277 276 452 453 457 456) (20 3 80) simpleGrading (0.5 1 1)
	hex (276 277 281 280 456 457 461 460) (20 3 80) simpleGrading (0.5 1 1)
	hex (280 281 297 296 460 461 477 476) (20 4 80) simpleGrading (0.5 1 1)
	hex (296 297 301 300 476 477 481 480) (20 3 80) simpleGrading (0.5 1 1)
	hex (300 301 305 304 480 481 485 484) (20 3 80) simpleGrading (0.5 1 1)
	hex (304 305 321 320 484 485 501 500) (20 4 80) simpleGrading (0.5 1 1)
	hex (320 321 325 324 500 501 505 504) (20 3 80) simpleGrading (0.5 1 1)
	hex (324 325 329 328 504 505 509 508) (20 3 80) simpleGrading (0.5 1 1)
	hex (328 329 345 344 508 509 525 524) (20 4 80) simpleGrading (0.5 1 1)
	hex (344 345 349 348 524 525 529 528) (20 3 80) simpleGrading (0.5 1 1)
	hex (348 349 353 352 528 529 533 532) (20 3 80) simpleGrading (0.5 1 1)
	hex (352 353 369 368 532 533 549 548) (20 4 80) simpleGrading (0.5 1 1)
	hex (368 369 373 372 548 549 553 552) (20 3 80) simpleGrading (0.5 1 1)
	hex (372 373 377 376 552 553 557 556) (20 3 80) simpleGrading (0.5 1 1)
	hex (376 377 393 392 556 557 573 572) (20 4 80) simpleGrading (0.5 1 1)
	hex (392 393 397 396 572 573 577 576) (20 3 80) simpleGrading (0.5 1 1)
	hex (396 397 401 400 576 577 581 580) (20 3 80) simpleGrading (0.5 1 1)
	hex (400 401 417 416 580 581 597 596) (20 4 80) simpleGrading (0.5 1 1)
	hex (416 417 421 420 596 597 601 600) (20 3 80) simpleGrading (0.5 1 1)
	hex (420 421 425 424 600 601 605 604) (20 30 80) simpleGrading (0.5 5 1)

	hex (250 251 255 254 430 431 435 434) (40 30 80) simpleGrading (2 0.2 1)
	hex (254 255 259 258 434 435 439 438) (40 3 80) simpleGrading (2 1 1)
	hex (258 259 275 274 438 439 455 454) (40 4 80) simpleGrading (2 1 1)
	hex (274 275 279 278 454 455 459 458) (40 3 80) simpleGrading (2 1 1)
	hex (278 279 283 282 458 459 463 462) (40 3 80) simpleGrading (2 1 1)
	hex (282 283 299 298 462 463 479 478) (40 4 80) simpleGrading (2 1 1)
	hex (298 299 303 302 478 479 483 482) (40 3 80) simpleGrading (2 1 1)
	hex (302 303 307 306 482 483 487 486) (40 3 80) simpleGrading (2 1 1)
	hex (306 307 323 322 486 487 503 502) (40 4 80) simpleGrading (2 1 1)
	hex (322 323 327 326 502 503 507 506) (40 3 80) simpleGrading (2 1 1)
	hex (326 327 331 330 506 507 511 510) (40 3 80) simpleGrading (2 1 1)
	hex (330 331 347 346 510 511 527 526) (40 4 80) simpleGrading (2 1 1)
	hex (346 347 351 350 526 527 531 530) (40 3 80) simpleGrading (2 1 1)
	hex (350 351 355 354 530 531 535 534) (40 3 80) simpleGrading (2 1 1)
	hex (354 355 371 370 534 535 551 550) (40 4 80) simpleGrading (2 1 1)
	hex (370 371 375 374 550 551 555 554) (40 3 80) simpleGrading (2 1 1)
	hex (374 375 379 378 554 555 559 558) (40 3 80) simpleGrading (2 1 1)
	hex (378 379 395 394 558 559 575 574) (40 4 80) simpleGrading (2 1 1)
	hex (394 395 399 398 574 575 579 578) (40 3 80) simpleGrading (2 1 1)
	hex (398 399 403 402 578 579 583 582) (40 3 80) simpleGrading (2 1 1)
	hex (402 403 419 418 582 583 599 598) (40 4 80) simpleGrading (2 1 1)
	hex (418 419 423 422 598 599 603 602) (40 3 80) simpleGrading (2 1 1)
	hex (422 423 427 426 602 603 607 606) (40 30 80) simpleGrading (2 5 1)

	hex (249 250 254 253 429 430 434 433) (4 30 80) simpleGrading (1 0.2 1)
	hex (421 422 426 425 601 602 606 605) (4 30 80) simpleGrading (1 5 1)

	hex (257 260 270 273 437 440 450 453) (2 4 80) simpleGrading (1 1 1)
	hex (258 261 260 257 438 441 440 437) (2 4 80) simpleGrading (1 1 1)
	hex (274 271 261 258 454 451 441 438) (2 4 80) simpleGrading (1 1 1)
	hex (273 270 271 274 453 450 451 454) (2 4 80) simpleGrading (1 1 1)
	hex (260 262 268 270 440 442 448 450) (3 4 80) simpleGrading (1 1 1)
	hex (261 263 262 260 441 443 442 440) (3 4 80) simpleGrading (1 1 1)
	hex (271 269 263 261 451 449 443 441) (3 4 80) simpleGrading (1 1 1)
	hex (270 268 269 271 450 448 449 451) (3 4 80) simpleGrading (1 1 1)
	hex (253 254 258 257 433 434 438 437) (4 3 80) simpleGrading (1 1 1)
	hex (273 274 278 277 453 454 458 457) (4 3 80) simpleGrading (1 1 1)
	hex (281 284 294 297 461 464 474 477) (2 4 80) simpleGrading (1 1 1)
	hex (282 285 284 281 462 465 464 461) (2 4 80) simpleGrading (1 1 1)
	hex (298 295 285 282 478 475 465 462) (2 4 80) simpleGrading (1 1 1)
	hex (297 294 295 298 477 474 475 478) (2 4 80) simpleGrading (1 1 1)
	hex (284 286 292 294 464 466 472 474) (3 4 80) simpleGrading (1 1 1)
	hex (285 287 286 284 465 467 466 464) (3 4 80) simpleGrading (1 1 1)
	hex (295 293 287 285 475 473 467 465) (3 4 80) simpleGrading (1 1 1)
	hex (294 292 293 295 474 472 473 475) (3 4 80) simpleGrading (1 1 1)
	hex (277 278 282 281 457 458 462 461) (4 3 80) simpleGrading (1 1 1)
	hex (297 298 302 301 477 478 482 481) (4 3 80) simpleGrading (1 1 1)
	hex (305 308 318 321 485 488 498 501) (2 4 80) simpleGrading (1 1 1)
	hex (306 309 308 305 486 489 488 485) (2 4 80) simpleGrading (1 1 1)
	hex (322 319 309 306 502 499 489 486) (2 4 80) simpleGrading (1 1 1)
	hex (321 318 319 322 501 498 499 502) (2 4 80) simpleGrading (1 1 1)
	hex (308 310 316 318 488 490 496 498) (3 4 80) simpleGrading (1 1 1)
	hex (309 311 310 308 489 491 490 488) (3 4 80) simpleGrading (1 1 1)
	hex (319 317 311 309 499 497 491 489) (3 4 80) simpleGrading (1 1 1)
	hex (318 316 317 319 498 496 497 499) (3 4 80) simpleGrading (1 1 1)
	hex (301 302 306 305 481 482 486 485) (4 3 80) simpleGrading (1 1 1)
	hex (321 322 326 325 501 502 506 505) (4 3 80) simpleGrading (1 1 1)
	hex (329 332 342 345 509 512 522 525) (2 4 80) simpleGrading (1 1 1)
	hex (330 333 332 329 510 513 512 509) (2 4 80) simpleGrading (1 1 1)
	hex (346 343 333 330 526 523 513 510) (2 4 80) simpleGrading (1 1 1)
	hex (345 342 343 346 525 522 523 526) (2 4 80) simpleGrading (1 1 1)
	hex (332 334 340 342 512 514 520 522) (3 4 80) simpleGrading (1 1 1)
	hex (333 335 334 332 513 515 514 512) (3 4 80) simpleGrading (1 1 1)
	hex (343 341 335 333 523 521 515 513) (3 4 80) simpleGrading (1 1 1)
	hex (342 340 341 343 522 520 521 523) (3 4 80) simpleGrading (1 1 1)
	hex (325 326 330 329 505 506 510 509) (4 3 80) simpleGrading (1 1 1)
	hex (345 346 350 349 525 526 530 529) (4 3 80) simpleGrading (1 1 1)
	hex (353 356 366 369 533 536 546 549) (2 4 80) simpleGrading (1 1 1)
	hex (354 357 356 353 534 537 536 533) (2 4 80) simpleGrading (1 1 1)
	hex (370 367 357 354 550 547 537 534) (2 4 80) simpleGrading (1 1 1)
	hex (369 366 367 370 549 546 547 550) (2 4 80) simpleGrading (1 1 1)
	hex (356 358 364 366 536 538 544 546) (3 4 80) simpleGrading (1 1 1)
	hex (357 359 358 356 537 539 538 536) (3 4 80) simpleGrading (1 1 1)
	hex (367 365 359 357 547 545 539 537) (3 4 80) simpleGrading (1 1 1)
	hex (366 364 365 367 546 544 545 547) (3 4 80) simpleGrading (1 1 1)
	hex (349 350 354 353 529 530 534 533) (4 3 80) simpleGrading (1 1 1)
	hex (369 370 374 373 549 550 554 553) (4 3 80) simpleGrading (1 1 1)
	hex (377 380 390 393 557 560 570 573) (2 4 80) simpleGrading (1 1 1)
	hex (378 381 380 377 558 561 560 557) (2 4 80) simpleGrading (1 1 1)
	hex (394 391 381 378 574 571 561 558) (2 4 80) simpleGrading (1 1 1)
	hex (393 390 391 394 573 570 571 574) (2 4 80) simpleGrading (1 1 1)
	hex (380 382 388 390 560 562 568 570) (3 4 80) simpleGrading (1 1 1)
	hex (381 383 382 380 561 563 562 560) (3 4 80) simpleGrading (1 1 1)
	hex (391 389 383 381 571 569 563 561) (3 4 80) simpleGrading (1 1 1)
	hex (390 388 389 391 570 568 569 571) (3 4 80) simpleGrading (1 1 1)
	hex (373 374 378 377 553 554 558 557) (4 3 80) simpleGrading (1 1 1)
	hex (393 394 398 397 573 574 578 577) (4 3 80) simpleGrading (1 1 1)
	hex (401 404 414 417 581 584 594 597) (2 4 80) simpleGrading (1 1 1)
	hex (402 405 404 401 582 585 584 581) (2 4 80) simpleGrading (1 1 1)
	hex (418 415 405 402 598 595 585 582) (2 4 80) simpleGrading (1 1 1)
	hex (417 414 415 418 597 594 595 598) (2 4 80) simpleGrading (1 1 1)
	hex (404 406 412 414 584 586 592 594) (3 4 80) simpleGrading (1 1 1)
	hex (405 407 406 404 585 587 586 584) (3 4 80) simpleGrading (1 1 1)
	hex (415 413 407 405 595 593 587 585) (3 4 80) simpleGrading (1 1 1)
	hex (414 412 413 415 594 592 593 595) (3 4 80) simpleGrading (1 1 1)
	hex (397 398 402 401 577 578 582 581) (4 3 80) simpleGrading (1 1 1)
	hex (417 418 422 421 597 598 602 601) (4 3 80) simpleGrading (1 1 1)

	hex (264 265 267 266 444 445 447 446) (4 4 80) simpleGrading (1 1 1)
	hex (262 264 266 268 442 444 446 448) (2 4 80) simpleGrading (1 1 1)
	hex (263 265 264 262 443 445 444 442) (2 4 80) simpleGrading (1 1 1)
	hex (269 267 265 263 449 447 445 443) (2 4 80) simpleGrading (1 1 1)
	hex (268 266 267 269 448 446 447 449) (2 4 80) simpleGrading (1 1 1)
	hex (288 289 291 290 468 469 471 470) (4 4 80) simpleGrading (1 1 1)
	hex (286 288 290 292 466 468 470 472) (2 4 80) simpleGrading (1 1 1)
	hex (287 289 288 286 467 469 468 466) (2 4 80) simpleGrading (1 1 1)
	hex (293 291 289 287 473 471 469 467) (2 4 80) simpleGrading (1 1 1)
	hex (292 290 291 293 472 470 471 473) (2 4 80) simpleGrading (1 1 1)
	hex (312 313 315 314 492 493 495 494) (4 4 80) simpleGrading (1 1 1)
	hex (310 312 314 316 490 492 494 496) (2 4 80) simpleGrading (1 1 1)
	hex (311 313 312 310 491 493 492 490) (2 4 80) simpleGrading (1 1 1)
	hex (317 315 313 311 497 495 493 491) (2 4 80) simpleGrading (1 1 1)
	hex (316 314 315 317 496 494 495 497) (2 4 80) simpleGrading (1 1 1)
	hex (336 337 339 338 516 517 519 518) (4 4 80) simpleGrading (1 1 1)
	hex (334 336 338 340 514 516 518 520) (2 4 80) simpleGrading (1 1 1)
	hex (335 337 336 334 515 517 516 514) (2 4 80) simpleGrading (1 1 1)
	hex (341 339 337 335 521 519 517 515) (2 4 80) simpleGrading (1 1 1)
	hex (340 338 339 341 520 518 519 521) (2 4 80) simpleGrading (1 1 1)
	hex (360 361 363 362 540 541 543 542) (4 4 80) simpleGrading (1 1 1)
	hex (358 360 362 364 538 540 542 544) (2 4 80) simpleGrading (1 1 1)
	hex (359 361 360 358 539 541 540 538) (2 4 80) simpleGrading (1 1 1)
	hex (365 363 361 359 545 543 541 539) (2 4 80) simpleGrading (1 1 1)
	hex (364 362 363 365 544 542 543 545) (2 4 80) simpleGrading (1 1 1)
	hex (384 385 387 386 564 565 567 566) (4 4 80) simpleGrading (1 1 1)
	hex (382 384 386 388 562 564 566 568) (2 4 80) simpleGrading (1 1 1)
	hex (383 385 384 382 563 565 564 562) (2 4 80) simpleGrading (1 1 1)
	hex (389 387 385 383 569 567 565 563) (2 4 80) simpleGrading (1 1 1)
	hex (388 386 387 389 568 566 567 569) (2 4 80) simpleGrading (1 1 1)
	hex (408 409 411 410 588 589 591 590) (4 4 80) simpleGrading (1 1 1)
	hex (406 408 410 412 586 588 590 592) (2 4 80) simpleGrading (1 1 1)
	hex (407 409 408 406 587 589 588 586) (2 4 80) simpleGrading (1 1 1)
	hex (413 411 409 407 593 591 589 587) (2 4 80) simpleGrading (1 1 1)
	hex (412 410 411 413 592 590 591 593) (2 4 80) simpleGrading (1 1 1)

);

edges
(
	arc 108 109 (53.0 106.0 4)
	arc 109 115 (55.0 108.0 4)
	arc 115 114 (53.0 110.0 4)
	arc 114 108 (51.0 108.0 4)
	arc 128 129 (53.0 120.0 4)
	arc 129 135 (55.0 122.0 4)
	arc 135 134 (53.0 124.0 4)
	arc 134 128 (51.0 122.0 4)
	arc 148 149 (53.0 134.0 4)
	arc 149 155 (55.0 136.0 4)
	arc 155 154 (53.0 138.0 4)
	arc 154 148 (51.0 136.0 4)
	arc 168 169 (53.0 148.0 4)
	arc 169 175 (55.0 150.0 4)
	arc 175 174 (53.0 152.0 4)
	arc 174 168 (51.0 150.0 4)
	arc 188 189 (53.0 162.0 4)
	arc 189 195 (55.0 164.0 4)
	arc 195 194 (53.0 166.0 4)
	arc 194 188 (51.0 164.0 4)
	arc 208 209 (53.0 176.0 4)
	arc 209 215 (55.0 178.0 4)
	arc 215 214 (53.0 180.0 4)
	arc 214 208 (51.0 178.0 4)
	arc 228 229 (53.0 190.0 4)
	arc 229 235 (55.0 192.0 4)
	arc 235 234 (53.0 194.0 4)
	arc 234 228 (51.0 192.0 4)

	arc 110 111 (53.0 107.0 4)
	arc 111 113 (54.0 108.0 4)
	arc 113 112 (53.0 109.0 4)
	arc 112 110 (52.0 108.0 4)
	arc 130 131 (53.0 121.0 4)
	arc 131 133 (54.0 122.0 4)
	arc 133 132 (53.0 123.0 4)
	arc 132 130 (52.0 122.0 4)
	arc 150 151 (53.0 135.0 4)
	arc 151 153 (54.0 136.0 4)
	arc 153 152 (53.0 137.0 4)
	arc 152 150 (52.0 136.0 4)
	arc 170 171 (53.0 149.0 4)
	arc 171 173 (54.0 150.0 4)
	arc 173 172 (53.0 151.0 4)
	arc 172 170 (52.0 150.0 4)
	arc 190 191 (53.0 163.0 4)
	arc 191 193 (54.0 164.0 4)
	arc 193 192 (53.0 165.0 4)
	arc 192 190 (52.0 164.0 4)
	arc 210 211 (53.0 177.0 4)
	arc 211 213 (54.0 178.0 4)
	arc 213 212 (53.0 179.0 4)
	arc 212 210 (52.0 178.0 4)
	arc 230 231 (53.0 191.0 4)
	arc 231 233 (54.0 192.0 4)
	arc 233 232 (53.0 193.0 4)
	arc 232 230 (52.0 192.0 4)

	arc 260 261 (53.0 106.0 189)
	arc 261 271 (55.0 108.0 189)
	arc 271 270 (53.0 110.0 189)
	arc 270 260 (51.0 108.0 189)
	arc 284 285 (53.0 120.0 189)
	arc 285 295 (55.0 122.0 189)
	arc 295 294 (53.0 124.0 189)
	arc 294 284 (51.0 122.0 189)
	arc 308 309 (53.0 134.0 189)
	arc 309 319 (55.0 136.0 189)
	arc 319 318 (53.0 138.0 189)
	arc 318 308 (51.0 136.0 189)
	arc 332 333 (53.0 148.0 189)
	arc 333 343 (55.0 150.0 189)
	arc 343 342 (53.0 152.0 189)
	arc 342 332 (51.0 150.0 189)
	arc 356 357 (53.0 162.0 189)
	arc 357 367 (55.0 164.0 189)
	arc 367 366 (53.0 166.0 189)
	arc 366 356 (51.0 164.0 189)
	arc 380 381 (53.0 176.0 189)
	arc 381 391 (55.0 178.0 189)
	arc 391 390 (53.0 180.0 189)
	arc 390 380 (51.0 178.0 189)
	arc 404 405 (53.0 190.0 189)
	arc 405 415 (55.0 192.0 189)
	arc 415 414 (53.0 194.0 189)
	arc 414 404 (51.0 192.0 189)

	arc 262 263 (53.0 107.0 189)
	arc 263 269 (54.0 108.0 189)
	arc 269 268 (53.0 109.0 189)
	arc 268 262 (52.0 108.0 189)
	arc 286 287 (53.0 121.0 189)
	arc 287 293 (54.0 122.0 189)
	arc 293 292 (53.0 123.0 189)
	arc 292 286 (52.0 122.0 189)
	arc 310 311 (53.0 135.0 189)
	arc 311 317 (54.0 136.0 189)
	arc 317 316 (53.0 137.0 189)
	arc 316 310 (52.0 136.0 189)
	arc 334 335 (53.0 149.0 189)
	arc 335 341 (54.0 150.0 189)
	arc 341 340 (53.0 151.0 189)
	arc 340 334 (52.0 150.0 189)
	arc 358 359 (53.0 163.0 189)
	arc 359 365 (54.0 164.0 189)
	arc 365 364 (53.0 165.0 189)
	arc 364 358 (52.0 164.0 189)
	arc 382 383 (53.0 177.0 189)
	arc 383 389 (54.0 178.0 189)
	arc 389 388 (53.0 179.0 189)
	arc 388 382 (52.0 178.0 189)
	arc 406 407 (53.0 191.0 189)
	arc 407 413 (54.0 192.0 189)
	arc 413 412 (53.0 193.0 189)
	arc 412 406 (52.0 192.0 189)

	arc 440 441 (53.0 106.0 281.5)
	arc 441 451 (55.0 108.0 281.5)
	arc 451 450 (53.0 110.0 281.5)
	arc 450 440 (51.0 108.0 281.5)
	arc 464 465 (53.0 120.0 281.5)
	arc 465 475 (55.0 122.0 281.5)
	arc 475 474 (53.0 124.0 281.5)
	arc 474 464 (51.0 122.0 281.5)
	arc 488 489 (53.0 134.0 281.5)
	arc 489 499 (55.0 136.0 281.5)
	arc 499 498 (53.0 138.0 281.5)
	arc 498 488 (51.0 136.0 281.5)
	arc 512 513 (53.0 148.0 281.5)
	arc 513 523 (55.0 150.0 281.5)
	arc 523 522 (53.0 152.0 281.5)
	arc 522 512 (51.0 150.0 281.5)
	arc 536 537 (53.0 162.0 281.5)
	arc 537 547 (55.0 164.0 281.5)
	arc 547 546 (53.0 166.0 281.5)
	arc 546 536 (51.0 164.0 281.5)
	arc 560 561 (53.0 176.0 281.5)
	arc 561 571 (55.0 178.0 281.5)
	arc 571 570 (53.0 180.0 281.5)
	arc 570 560 (51.0 178.0 281.5)
	arc 584 585 (53.0 190.0 281.5)
	arc 585 595 (55.0 192.0 281.5)
	arc 595 594 (53.0 194.0 281.5)
	arc 594 584 (51.0 192.0 281.5)

	arc 442 443 (53.0 107.0 281.5)
	arc 443 449 (54.0 108.0 281.5)
	arc 449 448 (53.0 109.0 281.5)
	arc 448 442 (52.0 108.0 281.5)
	arc 466 467 (53.0 121.0 281.5)
	arc 467 473 (54.0 122.0 281.5)
	arc 473 472 (53.0 123.0 281.5)
	arc 472 466 (52.0 122.0 281.5)
	arc 490 491 (53.0 135.0 281.5)
	arc 491 497 (54.0 136.0 281.5)
	arc 497 496 (53.0 137.0 281.5)
	arc 496 490 (52.0 136.0 281.5)
	arc 514 515 (53.0 149.0 281.5)
	arc 515 521 (54.0 150.0 281.5)
	arc 521 520 (53.0 151.0 281.5)
	arc 520 514 (52.0 150.0 281.5)
	arc 538 539 (53.0 163.0 281.5)
	arc 539 545 (54.0 164.0 281.5)
	arc 545 544 (53.0 165.0 281.5)
	arc 544 538 (52.0 164.0 281.5)
	arc 562 563 (53.0 177.0 281.5)
	arc 563 569 (54.0 178.0 281.5)
	arc 569 568 (53.0 179.0 281.5)
	arc 568 562 (52.0 178.0 281.5)
	arc 586 587 (53.0 191.0 281.5)
	arc 587 593 (54.0 192.0 281.5)
	arc 593 592 (53.0 193.0 281.5)
	arc 592 586 (52.0 192.0 281.5)
);

patches
(
	patch bottom
	(
		(4 5 1 0)
		(5 6 2 1)
		(6 7 3 2)
		(8 9 5 4)
		(10 11 7 6)
		(12 13 9 8)
		(14 15 11 10)
		(16 17 13 12)
		(18 19 15 14)
		(20 21 17 16)
		(22 23 19 18)
		(24 25 21 20)
		(26 27 23 22)
		(28 29 25 24)
		(30 31 27 26)
		(32 33 29 28)
		(34 35 31 30)
		(36 37 33 32)
		(38 39 35 34)
		(40 41 37 36)
		(42 43 39 38)
		(44 45 41 40)
		(46 47 43 42)
		(48 49 45 44)
		(50 51 47 46)
		(52 53 49 48)
		(54 55 51 50)
		(56 57 53 52)
		(58 59 55 54)
		(60 61 57 56)
		(62 63 59 58)
		(64 65 61 60)
		(66 67 63 62)
		(68 69 65 64)
		(70 71 67 66)
		(72 73 69 68)
		(74 75 71 70)
		(76 77 73 72)
		(78 79 75 74)
		(80 81 77 76)
		(82 83 79 78)
		(84 85 81 80)
		(86 87 83 82)
		(88 89 85 84)
		(90 91 87 86)
		(92 93 89 88)
		(93 94 90 89)
		(94 95 91 90)
	)

	patch top
	(
		(428 429 433 432)
		(432 433 437 436)
		(436 437 453 452)
		(452 453 457 456)
		(456 457 461 460)
		(460 461 477 476)
		(476 477 481 480)
		(480 481 485 484)
		(484 485 501 500)
		(500 501 505 504)
		(504 505 509 508)
		(508 509 525 524)
		(524 525 529 528)
		(528 529 533 532)
		(532 533 549 548)
		(548 549 553 552)
		(552 553 557 556)
		(556 557 573 572)
		(572 573 577 576)
		(576 577 581 580)
		(580 581 597 596)
		(596 597 601 600)
		(600 601 605 604)
		(430 431 435 434)
		(434 435 439 438)
		(438 439 455 454)
		(454 455 459 458)
		(458 459 463 462)
		(462 463 479 478)
		(478 479 483 482)
		(482 483 487 486)
		(486 487 503 502)
		(502 503 507 506)
		(506 507 511 510)
		(510 511 527 526)
		(526 527 531 530)
		(530 531 535 534)
		(534 535 551 550)
		(550 551 555 554)
		(554 555 559 558)
		(558 559 575 574)
		(574 575 579 578)
		(578 579 583 582)
		(582 583 599 598)
		(598 599 603 602)
		(602 603 607 606)
		(429 430 434 433)
		(601 602 606 605)
		(437 440 450 453)
		(438 441 440 437)
		(454 451 441 438)
		(453 450 451 454)
		(440 442 448 450)
		(441 443 442 440)
		(451 449 443 441)
		(450 448 449 451)
		(433 434 438 437)
		(453 454 458 457)
		(461 464 474 477)
		(462 465 464 461)
		(478 475 465 462)
		(477 474 475 478)
		(464 466 472 474)
		(465 467 466 464)
		(475 473 467 465)
		(474 472 473 475)
		(457 458 462 461)
		(477 478 482 481)
		(485 488 498 501)
		(486 489 488 485)
		(502 499 489 486)
		(501 498 499 502)
		(488 490 496 498)
		(489 491 490 488)
		(499 497 491 489)
		(498 496 497 499)
		(481 482 486 485)
		(501 502 506 505)
		(509 512 522 525)
		(510 513 512 509)
		(526 523 513 510)
		(525 522 523 526)
		(512 514 520 522)
		(513 515 514 512)
		(523 521 515 513)
		(522 520 521 523)
		(505 506 510 509)
		(525 526 530 529)
		(533 536 546 549)
		(534 537 536 533)
		(550 547 537 534)
		(549 546 547 550)
		(536 538 544 546)
		(537 539 538 536)
		(547 545 539 537)
		(546 544 545 547)
		(529 530 534 533)
		(549 550 554 553)
		(557 560 570 573)
		(558 561 560 557)
		(574 571 561 558)
		(573 570 571 574)
		(560 562 568 570)
		(561 563 562 560)
		(571 569 563 561)
		(570 568 569 571)
		(553 554 558 557)
		(573 574 578 577)
		(581 584 594 597)
		(582 585 584 581)
		(598 595 585 582)
		(597 594 595 598)
		(584 586 592 594)
		(585 587 586 584)
		(595 593 587 585)
		(594 592 593 595)
		(577 578 582 581)
		(597 598 602 601)
		(444 445 447 446)
		(442 444 446 448)
		(443 445 444 442)
		(449 447 445 443)
		(448 446 447 449)
		(468 469 471 470)
		(466 468 470 472)
		(467 469 468 466)
		(473 471 469 467)
		(472 470 471 473)
		(492 493 495 494)
		(490 492 494 496)
		(491 493 492 490)
		(497 495 493 491)
		(496 494 495 497)
		(516 517 519 518)
		(514 516 518 520)
		(515 517 516 514)
		(521 519 517 515)
		(520 518 519 521)
		(540 541 543 542)
		(538 540 542 544)
		(539 541 540 538)
		(545 543 541 539)
		(544 542 543 545)
		(564 565 567 566)
		(562 564 566 568)
		(563 565 564 562)
		(569 567 565 563)
		(568 566 567 569)
		(588 589 591 590)
		(586 588 590 592)
		(587 589 588 586)
		(593 591 589 587)
		(592 590 591 593)
	)

	patch inlet
	(
		(96 100 4 0)
		(248 252 100 96)
		(428 432 252 248)
		(100 104 8 4)
		(252 256 104 100)
		(432 436 256 252)
		(104 116 12 8)
		(256 272 116 104)
		(436 452 272 256)
		(116 120 16 12)
		(272 276 120 116)
		(452 456 276 272)
		(120 124 20 16)
		(276 280 124 120)
		(456 460 280 276)
		(124 136 24 20)
		(280 296 136 124)
		(460 476 296 280)
		(136 140 28 24)
		(296 300 140 136)
		(476 480 300 296)
		(140 144 32 28)
		(300 304 144 140)
		(480 484 304 300)
		(144 156 36 32)
		(304 320 156 144)
		(484 500 320 304)
		(156 160 40 36)
		(320 324 160 156)
		(500 504 324 320)
		(160 164 44 40)
		(324 328 164 160)
		(504 508 328 324)
		(164 176 48 44)
		(328 344 176 164)
		(508 524 344 328)
		(176 180 52 48)
		(344 348 180 176)
		(524 528 348 344)
		(180 184 56 52)
		(348 352 184 180)
		(528 532 352 348)
		(184 196 60 56)
		(352 368 196 184)
		(532 548 368 352)
		(196 200 64 60)
		(368 372 200 196)
		(548 552 372 368)
		(200 204 68 64)
		(372 376 204 200)
		(552 556 376 372)
		(204 216 72 68)
		(376 392 216 204)
		(556 572 392 376)
		(216 220 76 72)
		(392 396 220 216)
		(572 576 396 392)
		(220 224 80 76)
		(396 400 224 220)
		(576 580 400 396)
		(224 236 84 80)
		(400 416 236 224)
		(580 596 416 400)
		(236 240 88 84)
		(416 420 240 236)
		(596 600 420 416)
		(240 244 92 88)
		(420 424 244 240)
		(600 604 424 420)
	)

	patch outlet
	(
		(3 7 103 99)
		(99 103 255 251)
		(251 255 435 431)
		(7 11 107 103)
		(103 107 259 255)
		(255 259 439 435)
		(11 15 119 107)
		(107 119 275 259)
		(259 275 455 439)
		(15 19 123 119)
		(119 123 279 275)
		(275 279 459 455)
		(19 23 127 123)
		(123 127 283 279)
		(279 283 463 459)
		(23 27 139 127)
		(127 139 299 283)
		(283 299 479 463)
		(27 31 143 139)
		(139 143 303 299)
		(299 303 483 479)
		(31 35 147 143)
		(143 147 307 303)
		(303 307 487 483)
		(35 39 159 147)
		(147 159 323 307)
		(307 323 503 487)
		(39 43 163 159)
		(159 163 327 323)
		(323 327 507 503)
		(43 47 167 163)
		(163 167 331 327)
		(327 331 511 507)
		(47 51 179 167)
		(167 179 347 331)
		(331 347 527 511)
		(51 55 183 179)
		(179 183 351 347)
		(347 351 531 527)
		(55 59 187 183)
		(183 187 355 351)
		(351 355 535 531)
		(59 63 199 187)
		(187 199 371 355)
		(355 371 551 535)
		(63 67 203 199)
		(199 203 375 371)
		(371 375 555 551)
		(67 71 207 203)
		(203 207 379 375)
		(375 379 559 555)
		(71 75 219 207)
		(207 219 395 379)
		(379 395 575 559)
		(75 79 223 219)
		(219 223 399 395)
		(395 399 579 575)
		(79 83 227 223)
		(223 227 403 399)
		(399 403 583 579)
		(83 87 239 227)
		(227 239 419 403)
		(403 419 599 583)
		(87 91 243 239)
		(239 243 423 419)
		(419 423 603 599)
		(91 95 247 243)
		(243 247 427 423)
		(423 427 607 603)
	)

	patch bristle
	(
		(9 105 101 5)
		(6 102 106 10)
		(13 117 105 9)
		(10 106 118 14)
		(17 121 117 13)
		(14 118 122 18)
		(21 125 121 17)
		(18 122 126 22)
		(25 137 125 21)
		(22 126 138 26)
		(29 141 137 25)
		(26 138 142 30)
		(33 145 141 29)
		(30 142 146 34)
		(37 157 145 33)
		(34 146 158 38)
		(41 161 157 37)
		(38 158 162 42)
		(45 165 161 41)
		(42 162 166 46)
		(49 177 165 45)
		(46 166 178 50)
		(53 181 177 49)
		(50 178 182 54)
		(57 185 181 53)
		(54 182 186 58)
		(61 197 185 57)
		(58 186 198 62)
		(65 201 197 61)
		(62 198 202 66)
		(69 205 201 65)
		(66 202 206 70)
		(73 217 205 69)
		(70 206 218 74)
		(77 221 217 73)
		(74 218 222 78)
		(81 225 221 77)
		(78 222 226 82)
		(85 237 225 81)
		(82 226 238 86)
		(89 241 237 85)
		(86 238 242 90)
		(5 101 102 6)
		(90 242 241 89)
		(117 114 108 105)
		(105 108 109 106)
		(106 109 115 118)
		(118 115 114 117)
		(114 112 110 108)
		(108 110 111 109)
		(109 111 113 115)
		(115 113 112 114)
		(105 106 102 101)
		(121 122 118 117)
		(137 134 128 125)
		(125 128 129 126)
		(126 129 135 138)
		(138 135 134 137)
		(134 132 130 128)
		(128 130 131 129)
		(129 131 133 135)
		(135 133 132 134)
		(125 126 122 121)
		(141 142 138 137)
		(157 154 148 145)
		(145 148 149 146)
		(146 149 155 158)
		(158 155 154 157)
		(154 152 150 148)
		(148 150 151 149)
		(149 151 153 155)
		(155 153 152 154)
		(145 146 142 141)
		(161 162 158 157)
		(177 174 168 165)
		(165 168 169 166)
		(166 169 175 178)
		(178 175 174 177)
		(174 172 170 168)
		(168 170 171 169)
		(169 171 173 175)
		(175 173 172 174)
		(165 166 162 161)
		(181 182 178 177)
		(197 194 188 185)
		(185 188 189 186)
		(186 189 195 198)
		(198 195 194 197)
		(194 192 190 188)
		(188 190 191 189)
		(189 191 193 195)
		(195 193 192 194)
		(185 186 182 181)
		(201 202 198 197)
		(217 214 208 205)
		(205 208 209 206)
		(206 209 215 218)
		(218 215 214 217)
		(214 212 210 208)
		(208 210 211 209)
		(209 211 213 215)
		(215 213 212 214)
		(205 206 202 201)
		(221 222 218 217)
		(237 234 228 225)
		(225 228 229 226)
		(226 229 235 238)
		(238 235 234 237)
		(234 232 230 228)
		(228 230 231 229)
		(229 231 233 235)
		(235 233 232 234)
		(225 226 222 221)
		(241 242 238 237)
		(266 267 265 264)
		(268 266 264 262)
		(262 264 265 263)
		(263 265 267 269)
		(269 267 266 268)
		(112 268 262 110)
		(110 262 263 111)
		(111 263 269 113)
		(113 269 268 112)
		(290 291 289 288)
		(292 290 288 286)
		(286 288 289 287)
		(287 289 291 293)
		(293 291 290 292)
		(132 292 286 130)
		(130 286 287 131)
		(131 287 293 133)
		(133 293 292 132)
		(314 315 313 312)
		(316 314 312 310)
		(310 312 313 311)
		(311 313 315 317)
		(317 315 314 316)
		(152 316 310 150)
		(150 310 311 151)
		(151 311 317 153)
		(153 317 316 152)
		(338 339 337 336)
		(340 338 336 334)
		(334 336 337 335)
		(335 337 339 341)
		(341 339 338 340)
		(172 340 334 170)
		(170 334 335 171)
		(171 335 341 173)
		(173 341 340 172)
		(362 363 361 360)
		(364 362 360 358)
		(358 360 361 359)
		(359 361 363 365)
		(365 363 362 364)
		(192 364 358 190)
		(190 358 359 191)
		(191 359 365 193)
		(193 365 364 192)
		(386 387 385 384)
		(388 386 384 382)
		(382 384 385 383)
		(383 385 387 389)
		(389 387 386 388)
		(212 388 382 210)
		(210 382 383 211)
		(211 383 389 213)
		(213 389 388 212)
		(410 411 409 408)
		(412 410 408 406)
		(406 408 409 407)
		(407 409 411 413)
		(413 411 410 412)
		(232 412 406 230)
		(230 406 407 231)
		(231 407 413 233)
		(233 413 412 232)
	)

	patch frontAndBackPlanes
	(
		(0 1 97 96)
		(96 97 249 248)
		(248 249 429 428)
		(92 244 245 93)
		(244 424 425 245)
		(424 604 605 425)
		(1 2 98 97)
		(97 98 250 249)
		(249 250 430 429)
		(93 245 246 94)
		(245 425 426 246)
		(425 605 606 426)
		(2 3 99 98)
		(98 99 251 250)
		(250 251 431 430)
		(94 246 247 95)
		(246 426 427 247)
		(426 606 607 427)
	)
);

mergePatchPairs
(
);


// ************************************************************************* //

