/*--------------------------------*- C++ -*----------------------------------*\
| =========                 |                                                 |
| \\      /  F ield         | foam-extend: Open Source CFD                    |
|  \\    /   O peration     | Version:     4.0                                |
|   \\  /    A nd           | Web:         http://www.foam-extend.org         |
|    \\/     M anipulation  |                                                 |
\*---------------------------------------------------------------------------*/
FoamFile
{
    version     2.0;
    format      ascii;
    class       dictionary;
    object      blockMeshDict;
}

convertToMeters 1e-6;

vertices
(
    (-60 -170 0)    // 0
    (-12 -170 0)    // 1
    (12 -170 0)    // 2
    (160 -170 0)    // 3
    (-60 -54 0)    // 4
    (-12 -54 0)    // 5
    (12 -54 0)    // 6
    (160 -54 0)    // 7
    (-60 54 0)    // 8
    (-12 54 0)    // 9
    (12 54 0)    // 10
    (160 54 0)    // 11
    (-60 170 0)    // 12
    (-12 170 0)    // 13
    (12 170 0)    // 14
    (160 170 0)    // 15
    (-60 -170 200)    // 16
    (-12 -170 200)    // 17
    (12 -170 200)    // 18
    (160 -170 200)    // 19
    (-60 -54 200)    // 20
    (-12 -54 200)    // 21
    (12 -54 200)    // 22
    (160 -54 200)    // 23
    (-60 54 200)    // 24
    (-12 54 200)    // 25
    (12 54 200)    // 26
    (160 54 200)    // 27
    (-60 170 200)    // 28
    (-12 170 200)    // 29
    (12 170 200)    // 30
    (160 170 200)    // 31
    (-60 -170 300)    // 32
    (-12 -170 300)    // 33
    (12 -170 300)    // 34
    (160 -170 300)    // 35
    (-60 -54 300)    // 36
    (-12 -54 300)    // 37
    (12 -54 300)    // 38
    (160 -54 300)    // 39
    (-60 54 300)    // 40
    (-12 54 300)    // 41
    (12 54 300)    // 42
    (160 54 300)    // 43
    (-60 170 300)    // 44
    (-12 170 300)    // 45
    (12 170 300)    // 46
    (160 170 300)    // 47
);

blocks
(
    hex (0 1 5 4 16 17 21 20) (12 29 100) simpleGrading (1 1 1)
    hex (1 2 6 5 17 18 22 21) (12 29 100) simpleGrading (1 1 1)
    hex (2 3 7 6 18 19 23 22) (37 29 100) simpleGrading (1 1 1)
    hex (4 5 9 8 20 21 25 24) (12 54 100) simpleGrading (1 1 1)
    hex (5 6 10 9 21 22 26 25) (12 54 100) simpleGrading (1 1 1)
    hex (6 7 11 10 22 23 27 26) (37 54 100) simpleGrading (1 1 1)
    hex (8 9 13 12 24 25 29 28) (12 29 100) simpleGrading (1 1 1)
    hex (9 10 14 13 25 26 30 29) (12 29 100) simpleGrading (1 1 1)
    hex (10 11 15 14 26 27 31 30) (37 29 100) simpleGrading (1 1 1)
    hex (16 17 21 20 32 33 37 36) (12 29 25) simpleGrading (1 1 1)
    hex (17 18 22 21 33 34 38 37) (12 29 25) simpleGrading (1 1 1)
    hex (18 19 23 22 34 35 39 38) (37 29 25) simpleGrading (1 1 1)
    hex (20 21 25 24 36 37 41 40) (12 54 25) simpleGrading (1 1 1)
    hex (21 22 26 25 37 38 42 41) (12 54 25) simpleGrading (1 1 1)
    hex (22 23 27 26 38 39 43 42) (37 54 25) simpleGrading (1 1 1)
    hex (24 25 29 28 40 41 45 44) (12 29 25) simpleGrading (1 1 1)
    hex (25 26 30 29 41 42 46 45) (12 29 25) simpleGrading (1 1 1)
    hex (26 27 31 30 42 43 47 46) (37 29 25) simpleGrading (1 1 1)
);

edges
(
);

patches
(
    wall sidewall
    (
        (0 16 17 1)
        (1 17 18 2)
        (2 18 19 3)
        (16 32 33 17)
        (17 33 34 18)
        (18 34 35 19)
        (12 13 29 28)
        (13 14 30 29)
        (14 15 31 30)
        (28 29 45 44)
        (29 30 46 45)
        (30 31 47 46)
        (4 0 1 5)
        (5 1 2 6)
        (6 2 3 7)
        (8 4 5 9)
        (9 5 6 10)
        (10 6 7 11)
        (12 8 9 13)
        (13 9 10 14)
        (14 10 11 15)
        (32 36 37 33)
        (33 37 38 34)
        (34 38 39 35)
        (36 40 41 37)
        (37 41 42 38)
        (38 42 43 39)
        (40 44 45 41)
        (41 45 46 42)
        (42 46 47 43)
    )

    patch inlet
    (
        (0 4 20 16)
        (4 8 24 20)
        (8 12 28 24)
        (16 20 36 32)
        (20 24 40 36)
        (24 28 44 40)
    )

    patch outlet
    (
        (3 19 23 7)
        (7 23 27 11)
        (11 27 31 15)
        (19 35 39 23)
        (23 39 43 27)
        (27 43 47 31)
    )
);

mergePatchPairs
(
);

// ************************************************************************* //